1,und,805,138,534
1,und,803,125,533
1,und,800,113,534
1,und,799,95,550
1,und,806,65,544
1,und,806,45,528
1,und,805,44,507
1,und,800,68,496
1,und,787,118,527
1,und,788,95,570
1,und,786,47,608
1,und,791,21,621
1,und,800,33,597
1,und,809,69,555
1,und,872,91,468
1,und,909,109,459
1,und,978,149,516
1,und,1059,218,620
1,und,1169,294,727
1,und,1463,387,909
1,und,1603,358,976
1,und,1701,225,1061
1,und,1765,53,1156
1,und,1797,-65,1255
1,und,1760,-67,1320
1,und,1596,110,1318
1,und,1483,169,1218
1,und,1377,198,1046
1,und,1277,204,826
1,und,1209,219,566
1,und,1207,235,369
1,und,1277,245,250
1,und,1278,237,415
1,und,1280,216,658
1,und,1253,132,848
1,und,1161,-10,923
1,und,940,-191,750
1,und,788,-163,624
1,und,676,-62,478
1,und,647,103,289
1,und,671,239,99
1,und,679,273,1
1,und,655,163,19
1,und,593,148,128
1,und,534,195,244
1,und,517,169,289
1,und,495,57,286
1,und,436,-115,196
1,und,412,-158,163
1,und,376,-173,140
1,und,316,-164,116
1,und,273,-164,84
1,und,184,-62,35
1,und,193,2,-116
1,und,144,-94,8
1,und,198,25,6
1,und,157,43,48
1,und,114,-35,76
1,und,198,34,-238
1,und,186,25,-200
1,und,194,-18,-80
1,und,251,-117,-69
1,und,220,-261,-177
1,und,281,-188,-227
1,und,380,-41,-245
1,und,410,107,-131
1,und,475,165,0
1,und,558,85,140
1,und,636,-48,251
1,und,655,-133,388
1,und,612,-137,411
1,und,581,-140,325
1,und,636,-16,103
1,und,611,113,-81
1,und,501,201,-200
1,und,442,180,-123
1,und,452,-50,49
1,und,455,-13,93
1,und,454,262,8
1,und,411,479,-25
1,und,371,514,11
1,und,445,105,276
1,und,451,-77,357
1,und,453,-207,509
1,und,439,-250,761
1,und,385,-163,895
1,und,496,388,585
1,und,622,337,561
1,und,718,80,716
1,und,854,-229,837
1,und,973,-480,921
1,und,1111,-507,1059
1,und,1310,-367,1562
1,und,1364,-160,1689
1,und,1457,-52,1532
1,und,1584,-142,1223
1,und,1688,-324,1040
1,und,1798,-419,1203
1,und,1793,-300,1406
1,und,1812,-122,1543
1,und,1855,-35,1496
1,und,1940,-105,1279
1,und,1971,-130,1186
1,und,1931,-129,1386
1,und,1880,-105,1529
1,und,1847,-77,1600
1,und,1812,-80,1586
1,und,1791,-126,1466
1,und,1749,-242,1044
1,und,1715,-209,832
1,und,1677,-153,703
1,und,1626,-107,608
1,und,1589,-90,490
1,und,1557,-165,390
1,und,1498,-367,295
1,und,1414,-291,368
1,und,1283,-47,503
1,und,1168,181,614
1,und,1081,267,692
1,und,1053,253,557
1,und,1063,51,407
1,und,1108,-78,279
1,und,1071,-102,188
1,und,965,18,142
1,und,870,204,119
1,und,710,392,243
1,und,658,403,301
1,und,624,298,239
1,und,627,52,134
1,und,705,98,119
1,und,708,-54,-203
1,und,698,-23,-432
1,und,626,25,-41
1,und,597,-156,254
1,und,570,-296,245
1,und,485,-228,135
1,und,348,-28,-49
1,und,357,339,-69
1,und,352,472,146
1,und,403,149,70
1,und,428,-202,-3
1,und,339,-154,-30
1,und,3,539,-27
1,und,-410,840,-44
1,und,306,377,574
1,und,1127,-1193,317
1,und,492,-1522,132
1,und,716,163,-325
1,und,109,21,-349
1,und,234,-9,-234
1,und,203,250,-99
1,und,129,90,-91
1,und,114,-99,-96
1,und,196,-83,146
1,und,150,-305,53
1,und,180,-410,-57
1,und,283,-325,-148
1,und,320,-168,-102
1,und,317,-17,-67
1,und,259,185,-109
1,und,253,297,-68
1,und,303,305,-19
1,und,328,249,43
1,und,373,-28,141
1,und,540,-114,227
1,und,517,-26,153
1,und,522,69,75
1,und,513,187,96
1,und,504,150,136
1,und,578,-80,139
1,und,939,-599,-157
1,und,1001,-486,-298
1,und,942,-229,-236
1,und,880,62,-54
1,und,804,222,103
1,und,787,238,231
1,und,868,-25,269
1,und,1013,-142,321
1,und,1176,-97,328
1,und,1275,-12,275
1,und,1312,106,216
1,und,1200,337,273
1,und,1179,502,398
1,und,1287,552,658
1,und,1431,322,888
1,und,1587,20,1007
1,und,1803,-136,707
1,und,1805,1,452
1,und,1715,181,300
1,und,1635,352,294
1,und,1632,393,515
1,und,1656,188,810
1,und,1806,-66,952
1,und,1816,9,937
1,und,1813,190,958
1,und,1822,253,1022
1,und,1868,183,1072
1,und,1940,80,950
1,und,1995,-74,775
1,und,1995,-132,604
1,und,1995,-191,464
1,und,1995,-214,410
1,und,1995,-194,416
1,und,1917,-10,624
1,und,1789,103,705
1,und,1653,218,734
1,und,1523,321,705
1,und,1425,355,622
1,und,1377,314,511
1,und,1282,297,322
1,und,1205,377,327
1,und,1127,399,361
1,und,1081,342,375
1,und,1072,207,315
1,und,1115,-20,-54
1,und,1115,-31,-260
1,und,1090,-18,-361
1,und,1034,0,-322
1,und,956,102,-187
1,und,852,193,-58
1,und,680,275,-25
1,und,655,196,-44
1,und,653,73,-18
1,und,623,32,58
1,und,519,84,114
1,und,506,320,-94
1,und,503,335,-229
1,und,528,245,-284
1,und,560,122,-239
1,und,594,22,-221
1,und,521,-272,13
1,und,541,-155,491
1,und,527,182,129
1,und,546,-218,51
1,und,583,-577,148
1,und,535,-712,249
1,und,392,-495,27
1,und,317,-337,-95
1,und,219,-174,-58
1,und,120,-12,85
1,und,58,66,178
1,und,31,87,162
1,und,54,92,-25
1,und,56,42,-83
1,und,65,43,-96
1,und,76,59,-103
1,und,77,54,-126
1,und,112,63,-147
1,und,174,19,-135
1,und,195,-65,-92
1,und,258,-228,-104
1,und,308,-363,-162
1,und,303,-397,-182
1,und,238,-112,-80
1,und,208,263,86
1,und,157,521,304
1,und,176,524,425
1,und,290,286,355
1,und,404,-41,99
1,und,708,-350,-545
1,und,679,-100,-712
1,und,575,335,-606
1,und,503,660,-228
1,und,512,657,172
1,und,767,-118,229
1,und,920,-312,48
1,und,978,-250,-148
1,und,1052,43,-358
1,und,1052,432,-299
1,und,1042,563,185
1,und,1131,-46,1085
1,und,1221,-326,960
1,und,1324,-303,559
1,und,1524,-44,56
1,und,1644,113,-233
1,und,1713,-26,109
1,und,1681,-113,309
1,und,1623,-78,388
1,und,1546,26,382
1,und,1494,143,440
1,und,1532,195,729
1,und,1772,-78,1266
1,und,1864,-146,1169
1,und,1888,-69,889
1,und,1901,43,585
1,und,1977,81,389
1,und,1995,-4,526
1,und,1995,26,710
1,und,1995,88,883
1,und,1994,139,963
1,und,1964,137,929
1,und,1918,69,771
1,und,1869,-138,393
1,und,1825,-193,294
1,und,1775,-196,244
1,und,1707,-121,198
1,und,1612,37,142
1,und,1468,332,65
1,und,1412,372,25
1,und,1298,355,36
2,und,854,-31,500
2,und,859,-26,472
2,und,864,-21,453
2,und,894,-61,480
2,und,902,-63,519
2,und,911,-58,548
2,und,928,-62,561
2,und,946,-53,568
2,und,1017,45,570
2,und,1091,88,550
2,und,1183,172,549
2,und,1271,304,562
2,und,1349,457,631
2,und,1440,551,807
2,und,1652,326,1221
2,und,1784,69,1350
2,und,1894,-155,1439
2,und,1969,-322,1436
2,und,1960,-358,1317
2,und,1817,-206,990
2,und,1698,-124,859
2,und,1622,-8,616
2,und,1500,102,499
2,und,1367,134,451
2,und,1255,125,365
2,und,1071,162,48
2,und,1030,198,-23
2,und,1018,65,16
2,und,1053,-318,200
2,und,1006,-589,383
2,und,851,-559,360
2,und,601,-6,126
2,und,516,210,22
2,und,460,354,35
2,und,421,298,135
2,und,383,147,167
2,und,315,79,223
2,und,203,-199,145
2,und,391,-78,12
2,und,172,-70,418
2,und,107,109,769
2,und,266,336,385
2,und,329,-240,15
2,und,353,-134,169
2,und,318,-1,198
2,und,272,-52,278
2,und,285,-149,394
2,und,223,-204,440
2,und,153,-134,430
2,und,98,-5,435
2,und,70,82,367
2,und,64,49,264
2,und,116,23,51
2,und,68,-56,188
2,und,71,64,207
2,und,95,146,66
2,und,103,244,-38
2,und,63,331,-3
2,und,100,254,33
2,und,88,91,184
2,und,102,6,294
2,und,155,-64,249
2,und,260,-69,82
2,und,333,-76,-111
2,und,392,41,-254
2,und,391,135,-204
2,und,363,116,-139
2,und,390,7,-61
2,und,500,-122,91
2,und,606,0,365
2,und,608,275,360
2,und,648,496,382
2,und,706,427,411
2,und,800,161,372
2,und,961,-83,357
2,und,1209,-492,384
2,und,1348,-595,280
2,und,1404,-383,12
2,und,1408,116,-160
2,und,1419,388,-126
2,und,1544,50,443
2,und,1613,-174,973
2,und,1697,-313,1320
2,und,1820,-381,1380
2,und,1895,-272,1255
2,und,1856,-48,1169
2,und,1832,314,1041
2,und,1892,455,1055
2,und,1970,420,1248
2,und,1995,264,1500
2,und,1995,150,1717
2,und,1995,115,1875
2,und,1995,-105,1806
2,und,1995,-195,1646
2,und,1995,-206,1424
2,und,1995,-177,1172
2,und,1995,-216,946
2,und,1995,-239,450
2,und,1973,-90,327
2,und,1835,187,433
2,und,1664,343,623
2,und,1516,444,836
2,und,1400,490,926
2,und,1257,318,517
2,und,1218,52,269
2,und,1231,-293,106
2,und,1254,-572,62
2,und,1230,-647,15
2,und,1077,-299,-115
2,und,963,-88,-93
2,und,761,108,51
2,und,600,228,177
2,und,499,255,208
2,und,416,197,139
2,und,372,-106,-168
2,und,326,-175,-280
2,und,262,-150,-321
2,und,173,-49,-268
2,und,79,75,-177
2,und,-53,239,-99
2,und,-78,277,-127
2,und,-72,256,-164
2,und,-47,146,-179
2,und,-25,-5,-149
2,und,-2,-152,-51
2,und,-61,-182,138
2,und,-102,-98,196
2,und,-130,-34,198
2,und,-165,47,154
2,und,-184,124,146
2,und,-175,133,167
2,und,-152,85,195
2,und,-103,-2,183
2,und,-64,-60,129
2,und,-27,-85,76
2,und,-6,-110,7
2,und,47,-164,-128
2,und,68,-173,-161
2,und,114,-227,-210
2,und,152,-231,-204
2,und,132,-71,-52
2,und,33,294,425
2,und,73,245,605
2,und,194,22,540
2,und,380,-79,280
2,und,545,-41,-66
2,und,680,14,-283
2,und,762,253,27
2,und,732,255,535
2,und,779,164,1034
2,und,925,103,1320
2,und,1155,-62,1275
2,und,1392,-328,840
2,und,1743,-586,93
2,und,1766,-595,-48
2,und,1713,-447,-12
2,und,1691,-272,33
2,und,1733,-192,-46
2,und,1771,7,-179
2,und,1765,21,70
2,und,1693,-55,600
2,und,1655,-75,1235
2,und,1663,-71,1764
2,und,1732,-43,1883
2,und,1994,113,853
2,und,1995,186,605
2,und,1995,161,769
2,und,1995,22,1114
2,und,1995,-17,1499
2,und,1995,11,1951
2,und,1995,10,1848
2,und,1995,8,1589
2,und,1995,-19,1316
2,und,1994,-100,1126
2,und,1979,-173,980
2,und,1869,-63,656
2,und,1781,67,590
2,und,1656,217,649
2,und,1510,321,710
2,und,1351,360,687
2,und,1141,323,354
2,und,1091,139,182
2,und,1135,-187,101
2,und,1226,-563,103
2,und,1211,-780,96
2,und,1098,-764,56
2,und,901,-49,-140
2,und,806,412,-210
2,und,686,645,-175
2,und,656,571,-220
2,und,661,380,-245
2,und,619,-23,-294
2,und,578,-105,-247
2,und,530,-152,-177
2,und,474,-172,-76
2,und,403,-165,35
2,und,347,-87,129
2,und,162,121,275
2,und,126,169,231
2,und,112,130,137
2,und,101,22,58
2,und,90,-64,0
2,und,85,-130,0
2,und,53,-200,183
2,und,27,-148,265
2,und,-22,-36,319
2,und,-67,82,312
2,und,-80,174,245
2,und,-110,181,137
2,und,-95,106,82
2,und,-56,19,44
2,und,-26,-64,8
2,und,-5,-62,5
2,und,24,-21,27
2,und,58,23,-56
2,und,73,79,-144
2,und,62,109,-187
2,und,44,78,-161
2,und,18,133,-54
2,und,110,66,139
2,und,230,-96,71
2,und,372,-211,-120
2,und,474,-272,-268
2,und,494,-262,-261
2,und,464,-153,-198
2,und,471,202,-49
2,und,529,327,79
2,und,652,318,207
2,und,792,104,245
2,und,957,-153,221
2,und,1164,-263,128
2,und,1195,-117,157
2,und,1258,24,384
2,und,1335,-53,578
2,und,1492,-289,575
2,und,1704,-578,344
2,und,1841,-811,-206
2,und,1733,-614,-84
2,und,1568,-299,272
2,und,1417,4,701
2,und,1348,222,1117
2,und,1553,11,1380
2,und,1707,-298,1033
2,und,1793,-305,694
2,und,1797,-140,572
2,und,1788,92,702
2,und,1775,189,1035
2,und,1843,151,1563
2,und,1908,199,1527
2,und,1932,265,1518
2,und,1959,184,1559
2,und,1987,-34,1569
2,und,1995,-197,1471
2,und,1995,-249,1316
2,und,1963,-184,1309
2,und,1891,-122,1214
2,und,1831,-76,1020
2,und,1750,0,826
2,und,1624,252,549
2,und,1587,369,419
2,und,1518,510,329
2,und,1440,541,346
2,und,1409,345,448
2,und,1374,-13,565
2,und,1347,-526,532
2,und,1283,-552,454
2,und,1177,-392,439
2,und,1038,-181,477
2,und,880,-30,524
2,und,685,128,462
2,und,617,119,344
2,und,569,73,226
2,und,546,46,74
2,und,520,58,-63
2,und,483,68,-117
2,und,433,-90,-150
2,und,398,-186,-170
2,und,344,-227,-181
2,und,267,-167,-173
2,und,182,-17,-78
2,und,11,166,183
2,und,-37,221,273
2,und,-69,236,335
2,und,-78,214,323
2,und,-50,157,241
2,und,-12,85,170
2,und,46,-19,205
2,und,63,-64,214
2,und,55,-90,192
2,und,49,-89,125
2,und,39,-79,31
2,und,26,-28,-42
2,und,34,8,-108
2,und,58,-22,-121
2,und,82,-26,-116
2,und,118,-71,-81
2,und,164,-180,-54
2,und,134,-203,-132
2,und,104,6,-122
2,und,46,244,-11
3,und,837,7,530
3,und,841,5,525
3,und,842,11,524
3,und,842,20,528
3,und,846,29,545
3,und,847,33,554
3,und,845,48,555
3,und,849,66,560
3,und,861,78,557
3,und,874,95,557
3,und,909,117,570
3,und,943,124,570
3,und,984,138,561
3,und,1042,159,531
3,und,1103,207,577
3,und,1313,233,750
3,und,1490,216,870
3,und,1654,215,1035
3,und,1828,211,1204
3,und,1975,171,1318
3,und,1995,54,1381
3,und,1995,-253,1365
3,und,1995,-275,1343
3,und,1917,-169,1308
3,und,1667,0,1313
3,und,1440,101,1236
3,und,1166,123,664
3,und,1073,153,432
3,und,1017,187,179
3,und,971,221,43
3,und,894,258,-11
3,und,839,294,-70
3,und,753,199,3
3,und,768,155,-176
3,und,684,-15,8
3,und,794,-83,258
3,und,727,-124,310
3,und,776,-380,295
3,und,718,-502,148
3,und,634,-446,-39
3,und,609,-223,-185
3,und,517,-138,-236
3,und,408,-64,-291
3,und,332,126,181
3,und,416,163,492
3,und,381,127,543
3,und,518,103,222
3,und,609,-71,101
3,und,571,-370,342
3,und,376,-288,744
3,und,344,-135,600
3,und,358,-55,445
3,und,323,-51,500
3,und,272,-70,669
3,und,271,-152,615
3,und,289,-182,437
3,und,256,-135,362
3,und,208,-95,373
3,und,169,-105,379
3,und,134,-114,312
3,und,51,77,59
3,und,27,227,-62
3,und,-1,312,-199
3,und,-12,300,-340
3,und,-28,375,-372
3,und,-37,55,-253
3,und,-45,71,-263
3,und,2,81,-320
3,und,32,-19,-300
3,und,89,-80,-219
3,und,142,-17,-182
3,und,168,316,-248
3,und,127,387,-222
3,und,89,428,-116
3,und,57,437,145
3,und,69,348,384
3,und,268,185,397
3,und,368,138,237
3,und,436,29,169
3,und,542,-65,54
3,und,653,-119,-69
3,und,763,-183,-79
3,und,961,-128,270
3,und,1059,-247,424
3,und,1184,-381,353
3,und,1295,-316,175
3,und,1439,-109,216
3,und,1685,-167,964
3,und,1846,-434,1224
3,und,1990,-630,1154
3,und,1995,-536,859
3,und,1995,-184,583
3,und,1986,200,628
3,und,1995,308,1475
3,und,1995,44,1769
3,und,1995,-106,1696
3,und,1995,-15,1502
3,und,1995,65,1446
3,und,1995,105,1643
3,und,1995,-67,1801
3,und,1995,-206,1851
3,und,1995,-240,1695
3,und,1995,-224,1379
3,und,1995,-215,1096
3,und,1995,-153,897
3,und,1981,-14,852
3,und,1883,181,823
3,und,1745,385,875
3,und,1577,525,1012
3,und,1413,530,1092
3,und,1190,161,740
3,und,1170,-147,446
3,und,1192,-615,371
3,und,1202,-951,378
3,und,1099,-934,390
3,und,759,-487,366
3,und,530,-158,291
3,und,333,74,151
3,und,210,220,-50
3,und,160,286,-224
3,und,107,282,-338
3,und,8,93,-232
3,und,-20,-76,-114
3,und,-53,-162,15
3,und,-114,-120,117
3,und,-176,-12,130
3,und,-245,186,-13
3,und,-255,279,-102
3,und,-280,325,-108
3,und,-285,330,-69
3,und,-284,288,-40
3,und,-258,215,-33
3,und,-221,117,-47
3,und,-209,84,-71
3,und,-197,92,-85
3,und,-188,96,-94
3,und,-179,82,-117
3,und,-141,93,-124
3,und,-126,95,-100
3,und,-73,15,-107
3,und,-8,-118,-153
3,und,36,-211,-225
3,und,74,-209,-262
3,und,126,-166,-118
3,und,154,-192,51
3,und,176,-110,189
3,und,176,23,284
3,und,238,57,307
3,und,380,-79,-94
3,und,513,-33,-310
3,und,586,80,-376
3,und,613,182,-265
3,und,725,100,-59
3,und,826,-220,281
3,und,987,-414,640
3,und,1036,-235,505
3,und,1139,36,221
3,und,1271,254,66
3,und,1372,284,106
3,und,1380,12,349
3,und,1564,-412,714
3,und,1744,-491,687
3,und,1937,-459,634
3,und,1995,-479,540
3,und,1995,-470,462
3,und,1946,9,641
3,und,1847,81,1028
3,und,1850,126,1424
3,und,1938,149,1635
3,und,1995,108,1711
3,und,1995,12,1654
3,und,1995,-35,1374
3,und,1995,31,1308
3,und,1995,20,1294
3,und,1995,-52,1298
3,und,1995,-168,1276
3,und,1995,-322,1021
3,und,1995,-266,782
3,und,1946,-144,587
3,und,1841,-4,451
3,und,1724,147,374
3,und,1627,280,396
3,und,1387,260,850
3,und,1347,-17,1097
3,und,1310,-247,1144
3,und,1277,-306,971
3,und,1246,-218,666
3,und,1112,-8,190
3,und,1032,-36,41
3,und,963,-82,-5
3,und,888,-72,31
3,und,792,-10,123
3,und,706,19,216
3,und,603,-159,245
3,und,564,-228,154
3,und,529,-246,26
3,und,467,-221,-105
3,und,409,-152,-209
3,und,283,16,-217
3,und,187,50,-167
3,und,131,65,-99
3,und,106,77,-31
3,und,96,72,28
3,und,76,27,66
3,und,84,-84,55
3,und,73,-85,15
3,und,34,-30,-29
3,und,2,43,-61
3,und,-12,117,-74
3,und,-35,177,-57
3,und,-73,204,48
3,und,-68,183,104
3,und,-51,144,129
3,und,-47,129,140
3,und,-39,152,133
3,und,-50,187,87
3,und,-55,231,107
3,und,-60,247,132
3,und,-54,155,114
3,und,-27,3,-1
3,und,45,-132,-136
3,und,140,-250,-314
3,und,193,-279,-374
3,und,254,-245,-387
3,und,274,-209,-402
3,und,273,-80,-313
3,und,285,322,196
3,und,320,289,512
3,und,430,115,665
3,und,590,-118,489
3,und,775,-242,122
3,und,922,-245,-189
3,und,1008,27,9
3,und,998,152,408
3,und,1031,83,701
3,und,1143,-146,738
3,und,1298,-351,454
3,und,1554,-382,174
3,und,1599,-198,366
3,und,1636,-192,606
3,und,1718,-304,634
3,und,1792,-427,418
3,und,1810,-414,103
3,und,1740,84,231
3,und,1713,102,866
3,und,1745,23,1392
3,und,1806,2,1711
3,und,1913,45,1722
3,und,1995,142,1348
3,und,1995,119,1338
3,und,1995,123,1413
3,und,1995,120,1491
3,und,1995,80,1541
3,und,1995,52,1538
3,und,1976,-77,1191
3,und,1899,-93,1001
3,und,1801,-83,841
3,und,1686,2,761
3,und,1566,60,768
3,und,1498,-35,810
3,und,1510,-364,767
3,und,1511,-439,645
3,und,1488,-381,523
3,und,1439,-232,424
3,und,1368,-78,325
3,und,1236,158,129
3,und,1192,212,50
3,und,1159,224,-22
3,und,1141,216,-53
3,und,1116,166,-20
3,und,1085,89,81
3,und,1039,-94,427
3,und,988,-201,525
3,und,904,-238,497
3,und,839,-208,374
3,und,780,-147,186
3,und,688,-128,-142
3,und,618,-135,-180
3,und,519,-114,-138
3,und,425,-65,-48
3,und,324,-22,47
3,und,217,26,80
3,und,76,136,17
3,und,28,129,4
3,und,6,65,15
3,und,15,-43,51
3,und,0,-107,81
3,und,-58,-56,72
3,und,-80,-50,27
3,und,-96,-32,-51
3,und,-119,18,-114
3,und,-124,57,-133
3,und,-138,102,-110
3,und,-177,220,25
3,und,-172,235,110
3,und,-131,168,181
3,und,-49,0,204
3,und,4,-154,147
3,und,145,-152,-173
3,und,183,-50,-326
4,und,855,19,519
4,und,846,27,520
4,und,846,41,522
4,und,850,46,525
4,und,850,43,519
4,und,844,57,514
4,und,842,59,513
4,und,843,56,509
4,und,843,56,507
4,und,842,64,507
4,und,834,84,505
4,und,817,121,512
4,und,807,145,533
4,und,790,182,571
4,und,779,227,637
4,und,810,230,690
4,und,1021,72,654
4,und,1224,11,604
4,und,1431,-5,605
4,und,1609,4,690
4,und,1798,8,882
4,und,1975,82,1118
4,und,1995,78,1623
4,und,1995,-11,1748
4,und,1991,-131,1809
4,und,1929,-228,1764
4,und,1833,-277,1616
4,und,1645,-267,1086
4,und,1521,-221,806
4,und,1401,-155,551
4,und,1301,38,341
4,und,1217,-70,180
4,und,945,357,175
4,und,1024,419,-609
4,und,918,260,-448
4,und,901,163,-138
4,und,851,160,15
4,und,827,-8,132
4,und,776,-466,44
4,und,723,-427,-214
4,und,685,-295,-371
4,und,637,-191,-386
4,und,555,-94,-291
4,und,401,10,49
4,und,525,360,-216
4,und,660,482,-543
4,und,451,-207,-11
4,und,445,-548,491
4,und,471,-340,529
4,und,467,-414,714
4,und,479,-797,969
4,und,419,-1004,931
4,und,312,-862,680
4,und,233,-532,405
4,und,140,-198,233
4,und,-13,147,308
4,und,-98,268,395
4,und,-63,299,213
4,und,-48,337,95
4,und,-124,224,270
4,und,-58,132,76
4,und,-30,155,-128
4,und,-19,140,-224
4,und,15,245,-311
4,und,-6,291,-283
4,und,-24,284,-203
4,und,-8,139,-199
4,und,48,92,-298
4,und,96,71,-342
4,und,68,67,-299
4,und,68,146,-220
4,und,110,179,-5
4,und,168,-30,126
4,und,198,-22,212
4,und,196,92,261
4,und,236,179,281
4,und,280,237,314
4,und,301,166,511
4,und,298,161,531
4,und,369,60,464
4,und,557,-169,386
4,und,724,-255,351
4,und,753,-108,311
4,und,672,337,497
4,und,681,407,546
4,und,758,393,572
4,und,961,218,652
4,und,1253,-123,753
4,und,1883,-683,881
4,und,1995,-719,752
4,und,1995,-504,570
4,und,1964,-221,512
4,und,1957,-63,602
4,und,1989,-95,770
4,und,1995,-711,925
4,und,1995,-692,876
4,und,1988,-383,862
4,und,1917,-33,952
4,und,1906,123,1089
4,und,1990,-103,1188
4,und,1995,-264,1205
4,und,1995,-295,1144
4,und,1995,-204,1031
4,und,1995,-163,963
4,und,1995,-271,912
4,und,1995,-521,928
4,und,1995,-553,928
4,und,1976,-457,925
4,und,1856,-208,965
4,und,1700,96,1122
4,und,1458,253,1373
4,und,1419,155,1260
4,und,1439,7,982
4,und,1514,-307,704
4,und,1570,-538,465
4,und,1527,-527,283
4,und,1275,-148,538
4,und,1125,-89,729
4,und,992,-62,768
4,und,910,-33,702
4,und,854,-90,586
4,und,682,-127,399
4,und,620,-117,249
4,und,552,-82,94
4,und,519,-63,-50
4,und,512,-107,-217
4,und,483,-189,-390
4,und,432,-201,-618
4,und,373,-36,-566
4,und,321,112,-383
4,und,268,150,-133
4,und,203,146,162
4,und,61,142,590
4,und,15,117,547
4,und,-1,111,341
4,und,22,87,68
4,und,59,42,-153
4,und,74,-4,-288
4,und,56,-35,-299
4,und,43,-31,-193
4,und,3,-13,-45
4,und,-54,41,93
4,und,-104,113,187
4,und,-135,164,246
4,und,-100,79,193
4,und,-63,43,109
4,und,-20,-3,39
4,und,24,-62,-19
4,und,77,-85,-102
4,und,134,-56,-125
4,und,163,-155,-21
4,und,171,-206,93
4,und,194,-138,159
4,und,249,11,152
4,und,275,154,152
4,und,298,72,126
4,und,323,52,80
4,und,412,-37,32
4,und,560,-113,-43
4,und,672,-132,-100
4,und,790,34,-80
4,und,813,204,16
4,und,809,204,75
4,und,839,3,74
4,und,904,-141,47
4,und,978,-126,77
4,und,1265,-114,484
4,und,1345,-306,659
4,und,1392,-455,643
4,und,1457,-553,379
4,und,1510,-621,-42
4,und,1479,-322,-273
4,und,1476,-111,161
4,und,1445,-174,635
4,und,1425,-319,994
4,und,1487,-353,1222
4,und,1514,-317,1295
4,und,1531,-116,1039
4,und,1534,52,1060
4,und,1515,219,1266
4,und,1530,272,1565
4,und,1583,196,1837
4,und,1718,7,1821
4,und,1817,-47,1642
4,und,1901,-97,1446
4,und,1958,-104,1413
4,und,1966,-149,1473
4,und,1948,-215,1553
4,und,1913,-331,1467
4,und,1839,-302,1303
4,und,1757,-229,1150
4,und,1684,-194,1010
4,und,1617,-189,916
4,und,1467,-142,778
4,und,1380,-136,742
4,und,1303,-96,710
4,und,1241,102,667
4,und,1172,167,543
4,und,1088,301,423
4,und,1046,143,296
4,und,1111,-201,276
4,und,1132,-464,269
4,und,1121,-638,261
4,und,1088,-637,278
4,und,906,-242,323
4,und,803,-97,276
4,und,721,13,212
4,und,646,95,136
4,und,579,115,48
4,und,536,84,-33
4,und,517,66,-288
4,und,475,70,-387
4,und,426,71,-417
4,und,391,74,-398
4,und,370,53,-359
4,und,343,1,-185
4,und,246,-82,-75
4,und,200,-68,30
4,und,163,-43,127
4,und,116,-46,173
4,und,89,-26,127
4,und,62,156,11
4,und,32,230,32
4,und,40,233,58
4,und,36,191,88
4,und,48,128,89
4,und,86,86,119
4,und,138,-26,133
4,und,177,-39,120
4,und,196,-14,103
4,und,199,17,73
4,und,217,51,48
4,und,280,40,33
4,und,312,-42,39
4,und,380,-96,8
4,und,469,-147,-45
4,und,538,-203,-110
4,und,574,-238,-121
4,und,516,-169,47
4,und,498,-178,134
4,und,523,-235,155
4,und,581,-266,138
4,und,695,-198,46
4,und,754,104,-33
4,und,783,171,36
4,und,808,-16,156
4,und,810,-316,247
4,und,857,-482,254
4,und,960,-505,164
4,und,1047,-83,35
4,und,963,117,162
4,und,885,161,318
4,und,849,33,423
4,und,857,-162,486
4,und,879,-333,234
4,und,877,-231,14
4,und,856,-31,-106
4,und,832,150,-63
4,und,836,339,128
4,und,849,448,336
4,und,887,398,683
4,und,985,188,898
4,und,1162,-132,981
4,und,1335,-278,850
4,und,1420,-144,740
4,und,1416,100,800
4,und,1398,125,918
4,und,1397,78,1025
4,und,1452,-77,1059
4,und,1587,-109,934
4,und,1642,-232,998
4,und,1714,-249,1273
4,und,1746,-143,1297
4,und,1780,-77,1290
4,und,1844,-82,1280
4,und,1914,-197,1345
4,und,1968,-351,1442
4,und,1950,-329,1396
4,und,1915,-279,1369
4,und,1858,-223,1334
4,und,1777,-180,1290
4,und,1699,-129,1192
4,und,1529,112,943
4,und,1464,130,840
4,und,1387,68,889
4,und,1298,73,939
4,und,1182,113,947
4,und,977,196,758
4,und,919,292,587
4,und,884,343,406
4,und,898,221,280
4,und,938,-6,240
4,und,948,-145,203
4,und,907,-120,108
4,und,876,-3,52
4,und,839,66,24
4,und,806,75,12
4,und,765,58,18
4,und,779,-152,-5
4,und,761,-195,-43
5,rou,657,-435,596
5,rou,703,-409,568
5,rou,681,-386,553
5,rou,737,-378,584
5,rou,793,-319,612
5,rou,864,-236,637
5,rou,990,-123,671
5,rou,1074,-172,760
5,rou,1061,-273,919
5,rou,1022,-337,978
5,rou,958,-367,972
5,rou,783,-464,1016
5,rou,738,-518,1045
5,rou,727,-597,1049
5,rou,735,-728,1013
5,rou,729,-850,956
5,rou,714,-926,904
5,rou,718,-1113,878
5,rou,722,-1316,928
5,rou,705,-1483,945
5,rou,686,-1526,926
5,rou,604,-1529,909
5,rou,521,-1530,926
5,rou,522,-1609,900
5,rou,531,-1704,819
5,rou,519,-1753,688
5,rou,500,-1754,525
5,rou,452,-1687,431
5,rou,302,-1502,357
5,rou,266,-1495,341
5,rou,206,-1485,346
5,rou,201,-1381,261
5,rou,78,-1361,237
5,rou,82,-1332,166
5,rou,43,-1299,219
5,rou,32,-1238,203
5,rou,4,-1255,179
5,rou,-22,-1221,174
5,rou,-71,-1134,221
5,rou,-134,-911,283
5,rou,-153,-823,342
5,rou,-169,-688,355
5,rou,-136,-503,316
5,rou,-182,-439,322
5,rou,-110,-442,161
5,rou,-17,-334,201
5,rou,61,-388,176
5,rou,129,-433,109
5,rou,183,-452,53
5,rou,113,-506,153
5,rou,275,-62,-333
5,rou,264,-336,-294
5,rou,235,-439,46
5,rou,240,-271,192
5,rou,246,-149,168
5,rou,274,-85,93
5,rou,245,-95,65
5,rou,217,-50,35
5,rou,130,93,96
5,rou,161,90,91
5,rou,152,47,116
5,rou,232,190,146
5,rou,243,248,149
5,rou,293,279,108
5,rou,328,244,108
5,rou,360,218,133
5,rou,392,127,95
5,rou,427,91,90
5,rou,439,230,136
5,rou,436,427,196
5,rou,456,602,329
5,rou,476,752,508
5,rou,496,756,511
5,rou,578,511,438
5,rou,724,420,333
5,rou,833,351,354
5,rou,900,317,478
5,rou,905,401,725
5,rou,826,523,1072
5,rou,753,566,1013
5,rou,697,666,960
5,rou,722,692,1010
5,rou,809,479,1137
5,rou,1040,-133,1528
5,rou,1123,-394,1658
5,rou,1152,-476,1602
5,rou,1115,-403,1421
5,rou,1003,-262,1297
5,rou,876,-133,1278
5,rou,824,-383,1461
5,rou,876,-666,1459
5,rou,948,-885,1398
5,rou,1025,-1029,1260
5,rou,1027,-1090,1169
5,rou,974,-1060,1187
5,rou,1029,-1153,1186
5,rou,1061,-1263,1083
5,rou,1090,-1353,985
5,rou,1101,-1396,943
5,rou,1081,-1382,1037
5,rou,1018,-1375,1234
5,rou,957,-1441,1350
5,rou,903,-1367,1322
5,rou,869,-1293,1181
5,rou,839,-1309,1006
5,rou,753,-1282,881
5,rou,740,-1211,681
5,rou,772,-1274,729
5,rou,746,-1363,789
5,rou,680,-1359,799
5,rou,587,-1308,740
5,rou,446,-1199,504
5,rou,452,-1220,450
5,rou,464,-1353,474
5,rou,500,-1492,505
5,rou,510,-1540,502
5,rou,468,-1509,446
5,rou,369,-1356,289
5,rou,342,-1373,218
5,rou,317,-1452,218
5,rou,317,-1514,196
5,rou,306,-1540,143
5,rou,196,-1419,96
5,rou,118,-1297,71
5,rou,88,-1206,43
5,rou,81,-1218,12
5,rou,76,-1285,-38
5,rou,95,-1361,-145
5,rou,8,-1455,-172
5,rou,-30,-1350,-52
5,rou,-98,-1245,62
5,rou,-189,-1098,142
5,rou,-231,-893,180
5,rou,-305,-554,244
5,rou,-261,-442,198
5,rou,-217,-407,117
5,rou,-177,-414,58
5,rou,-124,-353,53
5,rou,-86,-265,111
5,rou,-74,59,347
5,rou,-45,198,431
5,rou,2,213,420
5,rou,54,100,317
5,rou,62,-11,206
5,rou,62,-17,-7
5,rou,125,427,-44
5,rou,129,675,2
5,rou,103,785,136
5,rou,111,757,238
5,rou,115,654,224
5,rou,256,536,-139
5,rou,343,539,-179
5,rou,477,548,-111
5,rou,530,539,18
5,rou,558,560,158
5,rou,549,614,245
5,rou,515,586,450
5,rou,532,458,486
5,rou,620,420,461
5,rou,729,466,424
5,rou,768,476,451
5,rou,837,505,543
5,rou,837,509,593
5,rou,825,522,661
5,rou,844,480,714
5,rou,853,397,783
5,rou,914,320,901
5,rou,1021,216,1031
5,rou,986,281,1096
5,rou,910,425,1200
5,rou,865,450,1316
5,rou,843,360,1390
5,rou,930,-99,1420
5,rou,1086,-503,1416
5,rou,1195,-775,1437
5,rou,1191,-816,1441
5,rou,1157,-721,1422
5,rou,1082,-613,1390
5,rou,1126,-709,1382
5,rou,1135,-737,1059
5,rou,1214,-1357,1398
5,rou,1306,-1527,1304
5,rou,1227,-1149,1333
5,rou,1171,-1479,1167
5,rou,1135,-1537,1119
5,rou,1173,-1624,1098
5,rou,1155,-1663,1064
5,rou,1091,-1599,981
5,rou,1014,-1473,893
5,rou,844,-1117,834
5,rou,797,-1013,836
5,rou,765,-985,831
5,rou,768,-999,872
5,rou,765,-1023,887
5,rou,716,-1148,852
5,rou,709,-1136,784
5,rou,711,-1097,712
5,rou,733,-1108,687
5,rou,725,-1213,687
5,rou,705,-1313,676
5,rou,652,-1241,524
5,rou,603,-1176,493
5,rou,534,-1102,576
5,rou,484,-1004,681
5,rou,446,-947,734
5,rou,420,-936,737
5,rou,371,-959,575
5,rou,376,-996,450
5,rou,385,-1052,319
5,rou,367,-1089,230
5,rou,352,-1141,148
5,rou,356,-1273,22
5,rou,343,-1317,-19
5,rou,333,-1333,-46
5,rou,299,-1295,-78
5,rou,232,-1197,-88
5,rou,147,-1122,41
5,rou,21,-874,217
5,rou,-44,-746,219
5,rou,-78,-650,172
5,rou,-125,-651,93
5,rou,-86,-528,-28
5,rou,-5,-560,-189
5,rou,13,-548,-283
5,rou,11,-476,-295
5,rou,8,-403,-277
5,rou,-6,-320,-249
5,rou,-14,-228,-207
5,rou,-44,38,-21
5,rou,0,191,32
5,rou,18,268,94
5,rou,85,283,152
5,rou,140,268,216
5,rou,180,262,352
5,rou,177,360,386
5,rou,220,482,355
5,rou,286,513,330
5,rou,365,411,273
5,rou,451,299,149
5,rou,471,366,-9
5,rou,480,468,-48
5,rou,459,542,-6
5,rou,472,570,86
5,rou,504,554,180
5,rou,645,510,194
5,rou,727,473,171
5,rou,808,391,134
5,rou,859,326,102
5,rou,827,380,125
5,rou,751,513,202
5,rou,630,759,438
5,rou,670,834,534
5,rou,740,869,592
5,rou,772,884,693
5,rou,785,911,892
5,rou,853,788,1084
5,rou,1059,129,1314
5,rou,1190,-107,1309
5,rou,1244,-219,1213
5,rou,1228,-197,1079
5,rou,1199,-70,1018
5,rou,1148,-47,1210
5,rou,1135,-151,1307
5,rou,1138,-297,1406
5,rou,1151,-455,1469
5,rou,1115,-568,1442
5,rou,1084,-613,1391
5,rou,1128,-771,1262
5,rou,1139,-853,1139
5,rou,1170,-876,1019
5,rou,1178,-885,902
5,rou,1161,-872,781
5,rou,1139,-817,649
5,rou,1074,-754,643
5,rou,1056,-598,613
5,rou,1065,-571,794
5,rou,1100,-684,961
5,rou,1133,-739,1019
5,rou,1107,-914,1003
5,rou,1053,-813,926
5,rou,993,-651,882
5,rou,969,-530,881
5,rou,930,-512,878
5,rou,870,-610,858
5,rou,874,-733,876
5,rou,883,-883,918
5,rou,854,-989,909
5,rou,848,-1025,800
5,rou,843,-1054,698
5,rou,766,-1133,540
5,rou,702,-1105,493
5,rou,690,-1056,434
5,rou,675,-1005,349
5,rou,664,-1007,329
5,rou,639,-1082,506
5,rou,589,-1094,564
5,rou,550,-1048,577
5,rou,573,-1019,523
5,rou,597,-1008,436
5,rou,597,-997,336
6,rou,709,-247,593
6,rou,703,-251,609
6,rou,699,-252,611
6,rou,687,-233,584
6,rou,685,-217,549
6,rou,688,-185,514
6,rou,680,-139,489
6,rou,678,-86,488
6,rou,682,-55,528
6,rou,651,35,537
6,rou,643,120,538
6,rou,651,222,536
6,rou,649,279,533
6,rou,655,306,550
6,rou,688,295,656
6,rou,707,287,738
6,rou,728,253,820
6,rou,734,200,874
6,rou,708,145,892
6,rou,656,93,907
6,rou,627,-92,921
6,rou,664,-300,983
6,rou,725,-566,1150
6,rou,791,-858,1372
6,rou,851,-1117,1531
6,rou,884,-1344,1440
6,rou,826,-1250,1250
6,rou,719,-1081,1037
6,rou,630,-958,855
6,rou,588,-922,787
6,rou,597,-1006,883
6,rou,636,-1359,1158
6,rou,676,-1510,1198
6,rou,694,-1565,1182
6,rou,655,-1491,1109
6,rou,587,-1368,1023
6,rou,445,-1339,973
6,rou,361,-1350,942
6,rou,315,-1346,932
6,rou,307,-1364,917
6,rou,309,-1390,891
6,rou,314,-1419,857
6,rou,313,-1531,728
6,rou,294,-1586,678
6,rou,257,-1601,641
6,rou,196,-1558,583
6,rou,92,-1478,526
6,rou,-14,-1330,329
6,rou,-151,-1096,290
6,rou,-66,-600,83
6,rou,35,-731,-88
6,rou,-28,-1133,187
6,rou,-113,-1317,566
6,rou,-190,-1179,855
6,rou,-188,-1002,786
6,rou,-170,-929,658
6,rou,-143,-971,501
6,rou,-132,-977,348
6,rou,-157,-712,155
6,rou,-199,-514,200
6,rou,-209,-350,264
6,rou,-172,-250,282
6,rou,-131,-195,260
6,rou,-137,-181,359
6,rou,180,47,-54
6,rou,286,-185,-200
6,rou,269,-504,17
6,rou,275,-483,183
6,rou,299,-314,104
6,rou,178,0,178
6,rou,241,108,292
6,rou,239,83,420
6,rou,192,131,539
6,rou,162,212,419
6,rou,256,292,200
6,rou,421,447,-105
6,rou,413,450,-150
6,rou,305,346,-111
6,rou,337,402,-13
6,rou,383,542,18
6,rou,396,614,-1
6,rou,452,534,14
6,rou,425,457,55
6,rou,421,472,123
6,rou,489,568,133
6,rou,529,590,113
6,rou,701,543,226
6,rou,772,502,318
6,rou,775,466,288
6,rou,739,412,277
6,rou,711,378,302
6,rou,734,443,356
6,rou,757,588,511
6,rou,743,576,666
6,rou,718,521,762
6,rou,673,421,814
6,rou,677,302,810
6,rou,722,26,937
6,rou,790,-192,1162
6,rou,874,-401,1330
6,rou,962,-552,1425
6,rou,942,-579,1398
6,rou,845,-537,1346
6,rou,752,-763,1418
6,rou,777,-1003,1433
6,rou,833,-1206,1449
6,rou,848,-1318,1517
6,rou,791,-1366,1617
6,rou,586,-1326,1804
6,rou,513,-1358,1816
6,rou,465,-1437,1713
6,rou,434,-1498,1566
6,rou,451,-1540,1432
6,rou,485,-1579,1324
6,rou,433,-1776,1438
6,rou,419,-1776,1444
6,rou,377,-1729,1320
6,rou,344,-1661,1168
6,rou,315,-1593,1008
6,rou,264,-1445,791
6,rou,235,-1445,792
6,rou,198,-1488,882
6,rou,208,-1531,987
6,rou,228,-1589,1022
6,rou,241,-1697,1007
6,rou,226,-1689,778
6,rou,190,-1617,657
6,rou,177,-1544,560
6,rou,191,-1496,486
6,rou,193,-1469,427
6,rou,154,-1435,344
6,rou,144,-1377,327
6,rou,81,-1280,352
6,rou,21,-1153,370
6,rou,24,-1061,399
6,rou,31,-1063,422
6,rou,96,-1243,406
6,rou,110,-1313,316
6,rou,126,-1333,204
6,rou,126,-1339,114
6,rou,86,-1325,64
6,rou,49,-1270,58
6,rou,-54,-1039,124
6,rou,-76,-955,215
6,rou,-86,-869,294
6,rou,-76,-801,367
6,rou,-31,-752,410
6,rou,16,-624,330
6,rou,41,-549,263
6,rou,51,-476,189
6,rou,56,-418,99
6,rou,74,-347,15
6,rou,104,-231,7
6,rou,207,-161,22
6,rou,240,-142,11
6,rou,260,-176,5
6,rou,270,-182,-32
6,rou,280,-150,-93
6,rou,254,-50,-126
6,rou,261,40,-89
6,rou,283,103,-65
6,rou,290,140,-38
6,rou,316,168,-29
6,rou,330,163,0
6,rou,366,115,69
6,rou,360,133,118
6,rou,370,171,123
6,rou,403,234,73
6,rou,430,322,9
6,rou,459,553,25
6,rou,410,643,71
6,rou,363,679,117
6,rou,345,664,149
6,rou,365,658,145
6,rou,410,683,116
6,rou,493,701,222
6,rou,507,636,324
6,rou,529,533,428
6,rou,551,392,539
6,rou,560,237,621
6,rou,603,86,663
6,rou,640,138,624
6,rou,623,219,621
6,rou,590,271,670
6,rou,579,285,680
6,rou,558,239,693
6,rou,615,-56,841
6,rou,679,-219,1007
6,rou,731,-322,1221
6,rou,797,-435,1485
6,rou,893,-604,1685
6,rou,1108,-894,1605
6,rou,1084,-838,1395
6,rou,1035,-718,1268
6,rou,979,-643,1288
6,rou,952,-691,1419
6,rou,961,-812,1577
6,rou,986,-1097,1809
6,rou,984,-1184,1791
6,rou,939,-1156,1716
6,rou,903,-997,1558
6,rou,753,-973,1462
6,rou,588,-812,1587
6,rou,498,-1213,1556
6,rou,474,-1320,1523
6,rou,480,-1310,1423
6,rou,501,-1245,1253
6,rou,521,-1214,1116
6,rou,430,-1168,1058
6,rou,374,-1058,1040
6,rou,312,-964,1015
6,rou,250,-946,1005
6,rou,219,-981,974
6,rou,222,-1019,914
6,rou,254,-1173,832
6,rou,246,-1197,834
6,rou,202,-1205,861
6,rou,171,-1221,871
6,rou,153,-1231,876
6,rou,181,-1408,807
6,rou,208,-1540,742
6,rou,251,-1662,660
6,rou,267,-1735,538
6,rou,254,-1717,406
6,rou,228,-1624,323
6,rou,149,-1522,378
6,rou,120,-1553,481
6,rou,90,-1572,550
6,rou,62,-1553,531
6,rou,42,-1517,499
6,rou,-21,-1489,420
6,rou,-59,-1508,380
6,rou,-104,-1480,341
6,rou,-137,-1358,301
6,rou,-154,-1227,308
6,rou,-193,-1142,378
6,rou,-231,-1077,535
6,rou,-241,-1060,519
6,rou,-243,-965,469
6,rou,-239,-873,380
6,rou,-220,-799,292
6,rou,-258,-602,179
6,rou,-272,-453,158
6,rou,-285,-310,131
6,rou,-296,-101,73
6,rou,-242,67,33
6,rou,-180,172,18
6,rou,-59,262,-125
6,rou,5,223,-227
6,rou,49,207,-273
6,rou,117,238,-280
6,rou,168,249,-239
6,rou,171,264,-2
6,rou,186,308,86
6,rou,218,335,137
6,rou,243,342,143
6,rou,310,360,69
6,rou,359,381,50
6,rou,423,354,114
6,rou,462,366,124
6,rou,465,384,181
6,rou,453,394,231
6,rou,431,382,236
6,rou,474,453,144
6,rou,517,535,195
6,rou,534,532,294
6,rou,539,461,392
6,rou,581,365,525
6,rou,609,235,626
6,rou,704,63,764
6,rou,763,89,805
6,rou,780,173,843
6,rou,755,270,932
6,rou,719,266,1064
6,rou,699,147,1172
6,rou,724,-199,1189
6,rou,826,-354,1200
6,rou,917,-479,1220
6,rou,996,-590,1267
6,rou,1017,-648,1331
6,rou,803,-526,1404
6,rou,718,-554,1368
6,rou,687,-673,1330
6,rou,687,-821,1338
6,rou,646,-914,1358
6,rou,573,-964,1387
6,rou,510,-1186,1587
6,rou,498,-1351,1623
6,rou,521,-1494,1578
6,rou,572,-1570,1479
6,rou,611,-1588,1333
6,rou,469,-1420,1025
6,rou,384,-1288,937
6,rou,347,-1202,867
6,rou,312,-1245,941
6,rou,304,-1331,1068
6,rou,317,-1378,1107
6,rou,345,-1424,1101
6,rou,327,-1368,1077
6,rou,282,-1265,1007
7,rou,682,-272,643
7,rou,680,-252,623
7,rou,685,-247,610
7,rou,695,-242,594
7,rou,706,-227,574
7,rou,710,-189,555
7,rou,633,20,593
7,rou,614,181,628
7,rou,612,380,725
7,rou,592,548,807
7,rou,605,742,875
7,rou,602,840,930
7,rou,607,589,1045
7,rou,681,397,1115
7,rou,751,230,1170
7,rou,751,108,1180
7,rou,757,-43,1149
7,rou,799,-182,1200
7,rou,815,-440,1339
7,rou,815,-565,1530
7,rou,790,-722,1708
7,rou,763,-858,1781
7,rou,724,-934,1707
7,rou,630,-861,1182
7,rou,568,-751,901
7,rou,537,-697,723
7,rou,476,-750,700
7,rou,393,-882,844
7,rou,291,-1032,1060
7,rou,182,-1339,1330
7,rou,140,-1513,1326
7,rou,110,-1678,1233
7,rou,103,-1761,1097
7,rou,164,-1771,922
7,rou,241,-1787,652
7,rou,267,-1821,612
7,rou,253,-1811,624
7,rou,235,-1779,705
7,rou,177,-1742,823
7,rou,151,-1700,762
7,rou,8,-1513,574
7,rou,-55,-1447,499
7,rou,-105,-1434,478
7,rou,-145,-1296,405
7,rou,-141,-1268,384
7,rou,-197,-1313,461
7,rou,-303,-1330,615
7,rou,-310,-1165,696
7,rou,-247,-780,237
7,rou,-343,-781,152
7,rou,-412,-909,372
7,rou,-388,-788,684
7,rou,-315,-683,613
7,rou,-270,-693,472
7,rou,-216,-718,345
7,rou,-201,-695,251
7,rou,-163,-523,150
7,rou,-160,-459,203
7,rou,-161,-299,303
7,rou,-63,-135,177
7,rou,59,-144,-28
7,rou,84,-245,-45
7,rou,196,-283,35
7,rou,206,-275,-24
7,rou,185,-206,-23
7,rou,236,-78,-84
7,rou,219,15,-45
7,rou,191,160,53
7,rou,153,273,125
7,rou,147,399,106
7,rou,130,513,120
7,rou,126,693,128
7,rou,169,804,85
7,rou,248,667,74
7,rou,240,652,78
7,rou,226,667,52
7,rou,256,674,10
7,rou,301,694,12
7,rou,344,727,61
7,rou,408,787,373
7,rou,420,732,582
7,rou,419,630,728
7,rou,436,513,690
7,rou,505,391,549
7,rou,698,363,413
7,rou,702,446,542
7,rou,666,494,790
7,rou,640,414,1111
7,rou,659,231,1339
7,rou,733,61,1351
7,rou,765,95,1068
7,rou,668,283,1074
7,rou,606,304,1316
7,rou,572,55,1642
7,rou,601,-310,1886
7,rou,679,-861,1906
7,rou,643,-983,1781
7,rou,609,-1114,1748
7,rou,588,-1275,1769
7,rou,585,-1473,1748
7,rou,571,-1617,1723
7,rou,543,-1628,1656
7,rou,492,-1559,1628
7,rou,458,-1469,1548
7,rou,327,-1345,1491
7,rou,241,-1347,1501
7,rou,191,-1454,1446
7,rou,163,-1547,1474
7,rou,165,-1605,1473
7,rou,171,-1637,1376
7,rou,183,-1660,1239
7,rou,177,-1678,1117
7,rou,62,-1536,916
7,rou,8,-1397,830
7,rou,-29,-1337,755
7,rou,-30,-1387,734
7,rou,28,-1501,762
7,rou,59,-1724,880
7,rou,37,-1676,900
7,rou,-26,-1605,872
7,rou,-73,-1563,806
7,rou,-84,-1537,680
7,rou,-46,-1551,554
7,rou,33,-1632,341
7,rou,53,-1634,213
7,rou,72,-1591,118
7,rou,104,-1580,96
7,rou,112,-1600,151
7,rou,75,-1612,374
7,rou,-74,-1464,436
7,rou,-144,-1328,444
7,rou,-211,-1205,422
7,rou,-265,-1080,402
7,rou,-298,-995,322
7,rou,-269,-940,104
7,rou,-212,-997,47
7,rou,-175,-1080,23
7,rou,-151,-1144,26
7,rou,-155,-1130,58
7,rou,-184,-1047,107
7,rou,-255,-784,183
7,rou,-268,-640,168
7,rou,-281,-539,121
7,rou,-281,-409,70
7,rou,-262,-293,14
7,rou,-199,-162,-65
7,rou,-144,-169,-82
7,rou,-89,-175,-71
7,rou,-32,-187,-50
7,rou,26,-190,-34
7,rou,84,-204,-62
7,rou,115,-151,-53
7,rou,126,-109,-52
7,rou,150,-88,-42
7,rou,192,-78,-19
7,rou,222,-71,31
7,rou,237,22,183
7,rou,261,99,288
7,rou,280,195,374
7,rou,294,312,444
7,rou,300,439,524
7,rou,316,582,567
7,rou,419,737,608
7,rou,459,705,634
7,rou,537,680,649
7,rou,596,673,677
7,rou,623,655,712
7,rou,689,754,653
7,rou,717,739,601
7,rou,766,634,508
7,rou,829,503,396
7,rou,886,434,316
7,rou,912,376,322
7,rou,845,329,568
7,rou,854,257,746
7,rou,910,118,851
7,rou,967,-30,875
7,rou,994,-145,883
7,rou,974,-337,956
7,rou,979,-452,1050
7,rou,972,-576,1141
7,rou,982,-698,1195
7,rou,1003,-794,1196
7,rou,959,-822,1164
7,rou,764,-808,1266
7,rou,719,-936,1339
7,rou,726,-1120,1377
7,rou,756,-1302,1405
7,rou,782,-1456,1443
7,rou,805,-1585,1477
7,rou,784,-1672,1411
7,rou,761,-1673,1354
7,rou,721,-1643,1278
7,rou,696,-1548,1157
7,rou,652,-1529,1164
7,rou,617,-1510,1192
7,rou,600,-1430,1131
7,rou,572,-1375,1095
7,rou,540,-1321,1082
7,rou,484,-1200,1062
7,rou,399,-1042,1037
7,rou,205,-815,1028
7,rou,157,-814,1010
7,rou,148,-896,985
7,rou,145,-1018,951
7,rou,142,-1091,880
7,rou,147,-1101,761
7,rou,131,-1129,712
7,rou,106,-1160,654
7,rou,78,-1164,610
7,rou,54,-1159,557
7,rou,50,-1205,489
7,rou,62,-1451,396
7,rou,75,-1555,367
7,rou,100,-1641,342
7,rou,104,-1716,328
7,rou,84,-1761,308
7,rou,36,-1698,228
7,rou,-2,-1620,183
7,rou,-40,-1548,166
7,rou,-84,-1488,157
7,rou,-117,-1434,137
7,rou,-148,-1370,118
7,rou,-184,-1319,117
7,rou,-212,-1274,114
7,rou,-244,-1169,131
7,rou,-247,-1090,142
7,rou,-270,-1066,153
7,rou,-277,-931,118
7,rou,-259,-858,107
7,rou,-241,-790,101
7,rou,-234,-701,106
7,rou,-215,-613,121
7,rou,-185,-573,134
7,rou,-122,-524,72
7,rou,-100,-463,54
7,rou,-95,-378,61
7,rou,-100,-273,69
7,rou,-81,-142,48
7,rou,35,70,-79
7,rou,118,84,-67
7,rou,192,33,-51
7,rou,250,-34,-18
7,rou,292,-92,42
7,rou,340,-144,114
7,rou,389,-153,208
7,rou,423,-58,221
7,rou,449,13,203
7,rou,482,48,148
7,rou,527,93,171
7,rou,568,126,215
7,rou,579,120,248
7,rou,614,167,238
7,rou,660,213,226
7,rou,688,204,237
7,rou,727,195,266
7,rou,771,232,397
7,rou,763,267,470
7,rou,748,359,495
7,rou,707,475,528
7,rou,671,577,545
7,rou,655,588,526
7,rou,711,377,490
7,rou,785,240,460
7,rou,849,119,472
7,rou,922,27,524
7,rou,979,-56,613
7,rou,967,-91,799
7,rou,852,-8,814
7,rou,751,106,787
7,rou,717,143,766
7,rou,736,84,790
7,rou,774,-25,853
7,rou,900,-320,1021
7,rou,912,-397,1047
7,rou,908,-432,1094
7,rou,882,-502,1155
7,rou,819,-589,1237
7,rou,860,-894,1424
7,rou,863,-1074,1415
7,rou,872,-1197,1380
7,rou,883,-1240,1344
7,rou,826,-1201,1284
7,rou,733,-1118,1265
7,rou,629,-1132,1336
7,rou,599,-1204,1339
7,rou,578,-1245,1322
7,rou,550,-1249,1296
7,rou,507,-1184,1222
7,rou,413,-1304,1338
7,rou,378,-1383,1318
7,rou,329,-1384,1240
7,rou,286,-1334,1159
7,rou,259,-1256,1068
7,rou,264,-1206,971
7,rou,273,-1298,862
7,rou,273,-1305,847
7,rou,287,-1350,804
7,rou,271,-1337,743
7,rou,254,-1339,692
8,rou,566,-157,771
8,rou,561,-136,766
8,rou,561,-114,741
8,rou,546,-17,730
8,rou,513,70,767
8,rou,488,159,819
8,rou,476,242,841
8,rou,484,328,824
8,rou,532,406,792
8,rou,667,684,779
8,rou,670,875,785
8,rou,668,957,753
8,rou,708,958,815
8,rou,777,943,841
8,rou,770,506,979
8,rou,773,307,1090
8,rou,790,95,1246
8,rou,790,-126,1399
8,rou,743,-309,1505
8,rou,712,-499,1578
8,rou,671,-909,1738
8,rou,622,-1095,1758
8,rou,547,-1212,1674
8,rou,440,-1203,1505
8,rou,320,-1143,1361
8,rou,159,-1286,1236
8,rou,111,-1471,1218
8,rou,111,-1696,1228
8,rou,130,-1905,1191
8,rou,146,-1998,1105
8,rou,193,-1998,1033
8,rou,199,-1998,929
8,rou,185,-1998,889
8,rou,152,-1996,815
8,rou,91,-1838,729
8,rou,8,-1604,648
8,rou,-116,-1346,576
8,rou,-159,-1317,545
8,rou,-188,-1301,532
8,rou,-202,-1301,506
8,rou,-218,-1321,472
8,rou,-218,-1333,428
8,rou,-308,-1225,229
8,rou,-343,-1071,157
8,rou,-377,-889,169
8,rou,-408,-731,237
8,rou,-450,-620,342
8,rou,-472,-527,419
8,rou,-397,-371,555
8,rou,-322,-384,545
8,rou,-240,-435,500
8,rou,-211,-512,374
8,rou,-134,-576,199
8,rou,-54,-650,88
8,rou,-48,-515,40
8,rou,-46,-331,25
8,rou,-26,-150,73
8,rou,1,-49,180
8,rou,66,-71,329
8,rou,241,-144,139
8,rou,288,-259,102
8,rou,324,-324,107
8,rou,339,-226,38
8,rou,339,-151,10
8,rou,331,-133,53
8,rou,335,33,55
8,rou,352,113,94
8,rou,348,92,105
8,rou,288,68,150
8,rou,301,168,211
8,rou,331,586,162
8,rou,313,619,189
8,rou,289,648,209
8,rou,337,690,190
8,rou,438,732,82
8,rou,526,668,152
8,rou,539,580,304
8,rou,556,540,435
8,rou,579,542,505
8,rou,547,477,567
8,rou,585,417,571
8,rou,752,482,393
8,rou,790,549,388
8,rou,772,572,470
8,rou,733,497,602
8,rou,708,423,776
8,rou,670,316,877
8,rou,773,231,714
8,rou,739,337,650
8,rou,681,399,815
8,rou,657,291,1056
8,rou,630,81,1230
8,rou,699,-429,1375
8,rou,660,-566,1318
8,rou,614,-630,1355
8,rou,616,-757,1529
8,rou,636,-972,1746
8,rou,633,-1173,1821
8,rou,656,-1345,1749
8,rou,606,-1331,1688
8,rou,498,-1249,1682
8,rou,440,-1203,1751
8,rou,374,-1208,1754
8,rou,298,-1270,1699
8,rou,303,-1359,1674
8,rou,326,-1467,1634
8,rou,342,-1543,1595
8,rou,333,-1608,1603
8,rou,289,-1603,1582
8,rou,172,-1325,1480
8,rou,106,-1243,1439
8,rou,73,-1239,1370
8,rou,77,-1280,1283
8,rou,91,-1331,1211
8,rou,55,-1340,1047
8,rou,46,-1296,986
8,rou,26,-1294,954
8,rou,-2,-1264,915
8,rou,-17,-1377,875
8,rou,-37,-1423,809
8,rou,-38,-1466,611
8,rou,-22,-1459,486
8,rou,-25,-1438,386
8,rou,-6,-1466,313
8,rou,8,-1515,296
8,rou,99,-1676,307
8,rou,106,-1735,326
8,rou,82,-1703,350
8,rou,40,-1599,377
8,rou,-3,-1484,392
8,rou,-33,-1404,411
8,rou,-52,-1327,355
8,rou,-42,-1296,265
8,rou,-16,-1290,166
8,rou,1,-1290,121
8,rou,-18,-1250,132
8,rou,-61,-1162,174
8,rou,-131,-899,306
8,rou,-151,-787,356
8,rou,-157,-680,372
8,rou,-135,-622,329
8,rou,-101,-643,217
8,rou,50,-687,-19
8,rou,111,-766,-144
8,rou,82,-754,-192
8,rou,30,-624,-131
8,rou,-6,-441,-35
8,rou,-31,-277,31
8,rou,-31,19,129
8,rou,-5,85,130
8,rou,30,125,121
8,rou,66,130,106
8,rou,105,82,80
8,rou,183,-23,135
8,rou,209,-23,210
8,rou,243,-8,237
8,rou,283,32,230
8,rou,334,68,185
8,rou,379,75,129
8,rou,466,-12,74
8,rou,495,-62,75
8,rou,487,-102,101
8,rou,452,-73,132
8,rou,445,29,159
8,rou,447,138,210
8,rou,461,151,257
8,rou,459,168,325
8,rou,472,125,341
8,rou,549,78,302
8,rou,607,131,294
8,rou,699,200,264
8,rou,747,191,300
8,rou,786,189,356
8,rou,800,139,384
8,rou,800,36,393
8,rou,829,-65,434
8,rou,877,-62,455
8,rou,879,13,473
8,rou,879,164,504
8,rou,802,317,550
8,rou,702,409,632
8,rou,636,248,855
8,rou,673,81,999
8,rou,745,-84,1119
8,rou,819,-216,1192
8,rou,876,-297,1193
8,rou,903,-284,1161
8,rou,834,-313,1281
8,rou,867,-503,1394
8,rou,911,-748,1466
8,rou,927,-931,1471
8,rou,853,-943,1449
8,rou,594,-739,1580
8,rou,559,-858,1676
8,rou,559,-1103,1655
8,rou,569,-1297,1554
8,rou,600,-1387,1435
8,rou,619,-1413,1365
8,rou,478,-1307,1277
8,rou,396,-1256,1240
8,rou,318,-1260,1196
8,rou,290,-1325,1178
8,rou,294,-1415,1161
8,rou,334,-1567,1141
8,rou,361,-1608,1125
8,rou,370,-1582,1102
8,rou,349,-1532,1064
8,rou,310,-1462,1009
8,rou,273,-1361,926
8,rou,205,-1148,813
8,rou,207,-1109,825
8,rou,211,-1121,884
8,rou,210,-1158,940
8,rou,205,-1205,976
8,rou,144,-1258,899
8,rou,116,-1253,839
8,rou,107,-1253,777
8,rou,118,-1266,690
8,rou,116,-1280,601
8,rou,96,-1247,517
8,rou,43,-1277,382
8,rou,57,-1321,318
8,rou,79,-1372,250
8,rou,92,-1420,193
8,rou,103,-1466,145
8,rou,95,-1479,61
8,rou,41,-1380,62
8,rou,37,-1295,81
8,rou,27,-1256,117
8,rou,14,-1255,156
8,rou,-18,-1238,180
8,rou,-86,-1125,179
8,rou,-93,-1078,180
8,rou,-77,-1045,169
8,rou,-42,-1044,128
8,rou,-20,-1135,93
8,rou,4,-1222,49
8,rou,55,-1067,-58
8,rou,71,-999,-18
8,rou,53,-925,32
8,rou,46,-837,72
8,rou,46,-721,73
8,rou,87,-527,19
8,rou,122,-459,-6
8,rou,140,-407,2
8,rou,174,-419,9
8,rou,224,-467,1
8,rou,255,-506,3
8,rou,242,-459,82
8,rou,245,-388,113
8,rou,216,-272,92
8,rou,208,-172,56
8,rou,168,-137,47
8,rou,230,5,135
8,rou,232,-44,155
8,rou,251,-92,108
8,rou,289,-102,41
8,rou,373,-116,-8
8,rou,408,-186,-17
8,rou,425,-203,84
8,rou,437,-100,109
8,rou,407,11,131
8,rou,383,116,165
8,rou,434,186,151
8,rou,502,199,157
8,rou,547,211,178
8,rou,581,204,178
8,rou,607,201,185
8,rou,629,209,237
8,rou,646,212,313
8,rou,677,133,437
8,rou,699,64,456
8,rou,746,28,455
8,rou,830,24,427
8,rou,903,25,397
8,rou,914,160,393
8,rou,867,267,396
8,rou,793,318,459
8,rou,721,305,585
8,rou,706,207,746
8,rou,733,84,878
8,rou,810,-127,1104
8,rou,845,-273,1183
8,rou,848,-357,1227
8,rou,805,-389,1272
8,rou,734,-428,1246
8,rou,683,-452,1249
8,rou,753,-649,1342
8,rou,808,-804,1369
8,rou,851,-920,1362
8,rou,855,-980,1363
8,rou,790,-963,1396
8,rou,522,-834,1531
8,rou,492,-904,1631
8,rou,535,-1098,1681
8,rou,619,-1309,1664
8,rou,676,-1482,1639
8,rou,696,-1584,1581
8,rou,569,-1406,1336
8,rou,419,-1154,1241
9,aro,614,41,727
9,aro,613,36,719
9,aro,615,21,704
9,aro,610,-14,663
9,aro,601,-28,642
9,aro,587,-55,638
9,aro,577,-103,674
9,aro,574,-160,712
9,aro,574,-196,754
9,aro,608,-274,855
9,aro,638,-354,916
9,aro,660,-421,987
9,aro,679,-454,1077
9,aro,725,-509,1150
9,aro,783,-590,1266
9,aro,939,-755,1471
9,aro,1000,-792,1566
9,aro,1025,-731,1647
9,aro,1015,-578,1706
9,aro,1016,-382,1757
9,aro,1001,-7,1896
9,aro,946,127,1929
9,aro,882,299,1900
9,aro,839,453,1817
9,aro,794,530,1685
9,aro,769,591,1506
9,aro,708,683,1231
9,aro,690,706,1110
9,aro,660,693,993
9,aro,606,705,850
9,aro,555,764,692
9,aro,528,1068,317
9,aro,496,1208,310
9,aro,470,1330,403
9,aro,468,1310,490
9,aro,478,1179,566
9,aro,488,1007,594
9,aro,482,778,503
9,aro,525,859,443
9,aro,527,960,458
9,aro,477,1029,565
9,aro,402,1092,680
9,aro,345,1166,665
9,aro,397,1172,534
9,aro,496,1103,447
9,aro,587,954,348
9,aro,638,785,337
9,aro,661,701,360
9,aro,530,657,638
9,aro,623,580,427
9,aro,612,531,291
9,aro,452,481,575
9,aro,422,434,586
9,aro,389,369,435
9,aro,265,359,236
9,aro,197,292,139
9,aro,108,231,125
9,aro,48,154,123
9,aro,-59,148,104
9,aro,-163,251,-122
9,aro,-223,305,-173
9,aro,-256,299,-130
9,aro,-297,157,11
9,aro,-290,-29,138
9,aro,-241,-197,190
9,aro,-162,-445,273
9,aro,-144,-481,261
9,aro,-115,-473,221
9,aro,-87,-506,175
9,aro,-88,-603,134
9,aro,61,-887,227
9,aro,122,-940,284
9,aro,175,-951,311
9,aro,188,-945,347
9,aro,165,-873,247
9,aro,139,-733,126
9,aro,69,-696,354
9,aro,43,-848,605
9,aro,68,-982,848
9,aro,162,-1033,949
9,aro,222,-1062,831
9,aro,256,-988,585
9,aro,306,-997,531
9,aro,354,-1099,577
9,aro,405,-1249,633
9,aro,485,-1350,630
9,aro,576,-1404,501
9,aro,794,-1389,73
9,aro,809,-1207,-7
9,aro,804,-1091,83
9,aro,818,-1091,447
9,aro,857,-1410,779
9,aro,939,-1750,772
9,aro,1225,-1751,466
9,aro,1329,-1547,177
9,aro,1242,-1317,171
9,aro,1077,-1153,462
9,aro,975,-1186,915
9,aro,908,-1400,1632
9,aro,918,-1354,1670
9,aro,947,-1284,1445
9,aro,1007,-1145,1073
9,aro,1042,-867,871
9,aro,1039,-586,974
9,aro,1056,-519,1714
9,aro,949,-1078,1998
9,aro,964,-1041,1998
9,aro,1008,-732,1998
9,aro,1137,-340,1967
9,aro,1238,167,1732
9,aro,1184,98,1899
9,aro,1146,-10,1985
9,aro,1129,-24,1903
9,aro,1101,22,1682
9,aro,1044,143,1414
9,aro,948,475,1129
9,aro,898,499,1305
9,aro,836,366,1533
9,aro,780,183,1650
9,aro,731,100,1561
9,aro,685,312,977
9,aro,678,418,741
9,aro,685,488,597
9,aro,710,477,452
9,aro,736,478,347
9,aro,741,485,343
9,aro,655,507,499
9,aro,612,555,542
9,aro,567,589,527
9,aro,514,691,489
9,aro,472,830,447
9,aro,354,1077,384
9,aro,323,1162,340
9,aro,295,1178,300
9,aro,277,1144,296
9,aro,267,1104,280
9,aro,335,1054,218
9,aro,139,786,466
9,aro,183,749,416
9,aro,189,697,252
9,aro,139,613,212
9,aro,112,543,207
9,aro,124,457,-60
9,aro,87,234,-193
9,aro,27,218,-173
9,aro,-50,273,-86
9,aro,-113,302,-31
9,aro,-161,288,-18
9,aro,-159,100,12
9,aro,-150,-31,100
9,aro,-141,-135,178
9,aro,-123,-221,207
9,aro,-134,-299,231
9,aro,-161,-321,295
9,aro,-73,-530,371
9,aro,-8,-747,361
9,aro,76,-922,365
9,aro,179,-1028,439
9,aro,278,-1080,553
9,aro,315,-1052,687
9,aro,213,-861,602
9,aro,125,-594,526
9,aro,104,-471,570
9,aro,91,-591,681
9,aro,102,-780,857
9,aro,265,-1036,1286
9,aro,333,-1119,1358
9,aro,317,-1133,1297
9,aro,231,-962,1144
9,aro,182,-775,939
9,aro,271,-875,851
9,aro,368,-1083,959
9,aro,488,-1274,1039
9,aro,591,-1404,1078
9,aro,657,-1442,1060
9,aro,640,-1368,983
9,aro,542,-997,818
9,aro,550,-967,747
9,aro,580,-1082,794
9,aro,633,-1204,895
9,aro,682,-1230,1020
9,aro,817,-1223,1055
9,aro,870,-1291,1021
9,aro,857,-1293,988
9,aro,785,-1157,1009
9,aro,705,-998,1112
9,aro,653,-896,1264
9,aro,660,-847,1509
9,aro,736,-844,1445
9,aro,828,-889,1311
9,aro,893,-856,1187
9,aro,907,-802,1164
9,aro,867,-648,1210
9,aro,760,-238,1319
9,aro,769,-97,1407
9,aro,822,-163,1531
9,aro,919,-156,1585
9,aro,942,-292,1963
9,aro,930,-99,1998
9,aro,978,-11,1998
9,aro,991,-20,1962
9,aro,990,-52,1806
9,aro,976,-49,1638
9,aro,937,42,1476
9,aro,901,245,1269
9,aro,845,349,1244
9,aro,778,454,1283
9,aro,700,540,1307
9,aro,663,582,1272
9,aro,725,454,1096
9,aro,733,406,1011
9,aro,712,388,952
9,aro,671,413,848
9,aro,621,513,737
9,aro,577,649,704
9,aro,443,944,655
9,aro,373,1100,672
9,aro,309,1188,661
9,aro,285,1205,579
9,aro,287,1138,454
9,aro,302,996,221
9,aro,325,951,148
9,aro,329,917,144
9,aro,326,896,204
9,aro,336,866,261
9,aro,357,871,248
9,aro,355,842,84
9,aro,330,769,14
9,aro,334,718,-73
9,aro,311,658,-118
9,aro,279,606,-104
9,aro,232,539,59
9,aro,214,318,124
9,aro,247,176,189
9,aro,304,-18,290
9,aro,330,-229,388
9,aro,310,-365,432
9,aro,192,-320,296
9,aro,119,-258,191
9,aro,29,-164,68
9,aro,-15,-73,-24
9,aro,-48,-41,22
9,aro,-51,-98,96
9,aro,15,-453,520
9,aro,64,-685,669
9,aro,104,-800,619
9,aro,137,-771,426
9,aro,188,-658,266
9,aro,195,-536,224
9,aro,170,-534,315
9,aro,173,-565,451
9,aro,185,-643,564
9,aro,204,-739,639
9,aro,246,-845,705
9,aro,308,-946,795
9,aro,328,-939,826
9,aro,337,-938,845
9,aro,339,-939,819
9,aro,342,-952,734
9,aro,415,-992,635
9,aro,460,-1054,693
9,aro,471,-1106,782
9,aro,480,-1141,889
9,aro,512,-1236,976
9,aro,547,-1329,944
9,aro,619,-1275,616
9,aro,624,-1192,523
9,aro,599,-1131,536
9,aro,574,-1125,641
9,aro,558,-1152,745
9,aro,551,-1194,741
9,aro,587,-1168,672
9,aro,597,-1072,624
9,aro,611,-972,647
9,aro,635,-1010,747
9,aro,700,-1192,865
9,aro,823,-1467,944
9,aro,848,-1481,891
9,aro,832,-1397,808
9,aro,789,-1210,748
9,aro,717,-1003,764
9,aro,662,-867,878
9,aro,614,-796,1176
9,aro,597,-772,1353
9,aro,619,-794,1499
9,aro,676,-865,1598
9,aro,730,-937,1675
9,aro,763,-801,1663
9,aro,793,-618,1590
9,aro,814,-420,1593
9,aro,868,-231,1500
9,aro,804,-304,1859
9,aro,815,-485,1998
9,aro,909,-309,1701
9,aro,967,-236,1419
9,aro,978,-209,1317
9,aro,941,-164,1338
9,aro,902,-98,1414
9,aro,867,-16,1366
9,aro,859,40,1244
10,aro,605,-11,547
10,aro,497,-68,499
10,aro,415,-127,502
10,aro,347,-192,515
10,aro,299,-249,525
10,aro,283,-308,509
10,aro,345,-532,468
10,aro,383,-752,467
10,aro,382,-891,474
10,aro,341,-924,476
10,aro,333,-830,489
10,aro,388,-757,537
10,aro,546,-866,784
10,aro,628,-1016,950
10,aro,713,-1098,1123
10,aro,772,-1056,1271
10,aro,814,-953,1363
10,aro,922,-688,1675
10,aro,993,-613,1706
10,aro,997,-578,1947
10,aro,990,-446,1998
10,aro,1013,-249,1962
10,aro,1060,-76,1680
10,aro,1110,292,1442
10,aro,1091,437,1531
10,aro,1019,508,1718
10,aro,903,547,1877
10,aro,774,602,1986
10,aro,668,708,1998
10,aro,525,834,1817
10,aro,509,841,1612
10,aro,522,795,1309
10,aro,555,727,1016
10,aro,574,635,801
10,aro,567,551,728
10,aro,539,606,793
10,aro,521,687,855
10,aro,507,751,915
10,aro,499,807,923
10,aro,511,793,891
10,aro,578,661,702
10,aro,602,615,644
10,aro,603,621,589
10,aro,583,711,522
10,aro,564,818,478
10,aro,537,1000,385
10,aro,542,1039,344
10,aro,528,1013,267
10,aro,517,978,178
10,aro,519,976,114
10,aro,517,994,97
10,aro,521,895,218
10,aro,495,830,319
10,aro,455,770,371
10,aro,445,698,365
10,aro,455,620,306
10,aro,514,480,195
10,aro,498,428,241
10,aro,458,438,364
10,aro,435,451,496
10,aro,411,404,593
10,aro,371,341,617
10,aro,338,197,410
10,aro,363,94,246
10,aro,381,-7,98
10,aro,403,-68,35
10,aro,439,-130,49
10,aro,466,-217,168
10,aro,473,-370,515
10,aro,477,-427,633
10,aro,459,-511,580
10,aro,399,-513,446
10,aro,368,-433,182
10,aro,285,-100,-265
10,aro,256,71,-230
10,aro,289,21,-49
10,aro,303,-201,193
10,aro,314,-385,366
10,aro,330,-454,418
10,aro,339,-487,155
10,aro,410,-452,93
10,aro,488,-488,129
10,aro,540,-597,179
10,aro,550,-687,335
10,aro,469,-590,524
10,aro,469,-511,282
10,aro,413,-440,91
10,aro,378,-336,28
10,aro,375,-250,149
10,aro,358,-317,387
10,aro,395,-508,739
10,aro,444,-551,655
10,aro,510,-593,462
10,aro,580,-651,347
10,aro,655,-787,364
10,aro,651,-1080,586
10,aro,619,-1144,723
10,aro,590,-1100,761
10,aro,584,-977,622
10,aro,563,-828,406
10,aro,576,-686,200
10,aro,617,-517,258
10,aro,618,-693,490
10,aro,623,-907,719
10,aro,598,-993,943
10,aro,576,-1014,1028
10,aro,587,-936,914
10,aro,837,-859,690
10,aro,906,-984,772
10,aro,892,-1101,1013
10,aro,871,-1189,1360
10,aro,848,-1272,1640
10,aro,890,-1169,1601
10,aro,975,-1002,1333
10,aro,1016,-866,1066
10,aro,1039,-795,965
10,aro,1053,-758,1069
10,aro,1046,-750,1261
10,aro,975,-715,1592
10,aro,954,-638,1698
10,aro,975,-572,1693
10,aro,1017,-444,1550
10,aro,1044,-271,1431
10,aro,1052,-97,1583
10,aro,1042,-68,1701
10,aro,1042,23,1770
10,aro,1056,111,1766
10,aro,1065,167,1727
10,aro,1078,186,1697
10,aro,1108,136,1574
10,aro,1101,154,1429
10,aro,1069,231,1276
10,aro,1014,354,1178
10,aro,933,507,1204
10,aro,819,576,1250
10,aro,799,544,1128
10,aro,782,556,929
10,aro,785,552,764
10,aro,783,564,629
10,aro,737,573,591
10,aro,653,614,731
10,aro,606,660,854
10,aro,556,656,930
10,aro,585,581,892
10,aro,622,472,756
10,aro,575,397,469
10,aro,561,458,352
10,aro,531,536,314
10,aro,495,634,330
10,aro,471,780,374
10,aro,452,862,423
10,aro,422,833,385
10,aro,415,783,314
10,aro,408,771,251
10,aro,397,761,220
10,aro,412,722,234
10,aro,435,689,242
10,aro,446,626,276
10,aro,440,512,266
10,aro,428,371,246
10,aro,432,240,193
10,aro,440,152,111
10,aro,423,57,-14
10,aro,388,60,-43
10,aro,332,90,-31
10,aro,279,129,7
10,aro,256,140,54
10,aro,233,95,106
10,aro,184,27,116
10,aro,174,-8,78
10,aro,172,-80,34
10,aro,187,-183,25
10,aro,220,-295,-46
10,aro,287,-407,-101
10,aro,301,-457,-17
10,aro,320,-556,138
10,aro,329,-652,274
10,aro,320,-740,344
10,aro,295,-747,351
10,aro,289,-640,250
10,aro,284,-596,282
10,aro,264,-587,379
10,aro,244,-624,457
10,aro,240,-702,505
10,aro,302,-897,506
10,aro,330,-923,474
10,aro,356,-939,495
10,aro,383,-936,570
10,aro,387,-938,682
10,aro,387,-965,764
10,aro,473,-1064,627
10,aro,518,-1066,483
10,aro,552,-1050,468
10,aro,603,-1061,568
10,aro,625,-1123,721
10,aro,589,-1144,900
10,aro,572,-1124,921
10,aro,608,-1172,911
10,aro,692,-1226,878
10,aro,737,-1286,848
10,aro,728,-1305,851
10,aro,708,-1158,850
10,aro,693,-1126,815
10,aro,707,-1138,757
10,aro,716,-1174,693
10,aro,737,-1150,604
10,aro,743,-1013,610
10,aro,765,-1026,707
10,aro,739,-956,888
10,aro,699,-811,1132
10,aro,681,-730,1340
10,aro,725,-746,1414
10,aro,847,-717,1217
10,aro,908,-714,1099
10,aro,934,-724,1077
10,aro,917,-663,1159
10,aro,900,-572,1307
10,aro,913,-485,1480
10,aro,1002,-472,1695
10,aro,1052,-490,1669
10,aro,1095,-471,1592
10,aro,1132,-444,1570
10,aro,1144,-429,1615
10,aro,1085,-291,1792
10,aro,1074,-219,1782
10,aro,1077,-174,1677
10,aro,1068,-137,1501
10,aro,1073,-73,1340
10,aro,1063,5,1228
10,aro,986,220,1035
10,aro,955,297,975
10,aro,931,334,952
10,aro,921,318,965
10,aro,918,269,987
10,aro,891,234,984
10,aro,860,221,877
10,aro,832,234,748
10,aro,765,310,686
10,aro,686,423,652
10,aro,618,536,619
10,aro,561,724,581
10,aro,541,768,571
10,aro,513,811,543
10,aro,498,851,491
10,aro,496,869,441
10,aro,466,878,438
10,aro,452,851,489
10,aro,454,783,532
10,aro,468,704,467
10,aro,484,646,341
10,aro,497,610,251
10,aro,538,551,197
10,aro,563,512,203
10,aro,599,443,209
10,aro,605,383,193
10,aro,565,387,141
10,aro,450,499,-19
10,aro,412,520,-70
10,aro,376,531,-64
10,aro,323,542,48
10,aro,280,501,236
10,aro,284,345,426
10,aro,299,-12,576
10,aro,282,-96,474
10,aro,266,-101,322
10,aro,258,-67,139
10,aro,228,-71,72
10,aro,191,-105,80
10,aro,193,-177,155
10,aro,203,-254,251
10,aro,202,-314,321
10,aro,199,-356,328
10,aro,203,-409,271
10,aro,216,-386,81
10,aro,240,-400,90
10,aro,253,-463,176
10,aro,272,-561,317
10,aro,315,-665,451
10,aro,360,-748,515
10,aro,351,-737,477
10,aro,361,-737,489
10,aro,359,-751,541
10,aro,368,-829,601
10,aro,412,-959,640
10,aro,580,-1089,571
10,aro,618,-1083,473
10,aro,623,-1048,417
10,aro,607,-1006,423
10,aro,607,-999,528
10,aro,594,-1041,676
10,aro,588,-1044,765
10,aro,632,-1036,667
10,aro,721,-1026,508
10,aro,769,-1044,403
10,aro,785,-1070,419
10,aro,709,-1133,788
10,aro,684,-1201,902
10,aro,688,-1231,863
10,aro,748,-1202,698
10,aro,843,-1183,491
11,aro,705,-68,599
11,aro,658,-98,602
11,aro,618,-104,591
11,aro,571,-119,567
11,aro,504,-145,543
11,aro,434,-182,535
11,aro,409,-314,488
11,aro,441,-363,439
11,aro,464,-445,372
11,aro,492,-566,325
11,aro,491,-705,316
11,aro,500,-808,339
11,aro,536,-785,630
11,aro,570,-687,826
11,aro,588,-599,1045
11,aro,621,-537,1258
11,aro,684,-519,1419
11,aro,892,-729,1428
11,aro,991,-747,1337
11,aro,1101,-705,1275
11,aro,1202,-647,1270
11,aro,1286,-560,1305
11,aro,1355,-510,1322
11,aro,1403,-310,1307
11,aro,1386,-202,1306
11,aro,1358,-131,1328
11,aro,1323,-96,1386
11,aro,1272,-56,1468
11,aro,1188,32,1561
11,aro,967,343,1633
11,aro,885,492,1583
11,aro,815,532,1466
11,aro,755,576,1263
11,aro,725,677,1009
11,aro,657,851,721
11,aro,625,922,763
11,aro,584,953,892
11,aro,552,972,1030
11,aro,531,966,1108
11,aro,518,920,1114
11,aro,533,876,856
11,aro,540,912,672
11,aro,550,922,522
11,aro,552,911,446
11,aro,552,900,413
11,aro,587,785,288
11,aro,590,735,221
11,aro,603,750,175
11,aro,600,812,154
11,aro,592,898,159
11,aro,579,966,232
11,aro,523,807,544
11,aro,623,673,553
11,aro,509,465,535
11,aro,532,488,512
11,aro,580,454,429
11,aro,503,418,431
11,aro,480,472,462
11,aro,444,503,514
11,aro,380,481,586
11,aro,328,512,648
11,aro,334,427,559
11,aro,378,162,65
11,aro,346,209,-129
11,aro,311,336,-256
11,aro,261,472,-280
11,aro,205,578,-157
11,aro,183,462,159
11,aro,237,328,211
11,aro,166,170,316
11,aro,108,112,465
11,aro,86,63,439
11,aro,72,87,246
11,aro,23,236,-95
11,aro,-1,132,-87
11,aro,5,-33,-22
11,aro,43,-192,34
11,aro,85,-350,83
11,aro,133,-538,109
11,aro,158,-536,127
11,aro,167,-573,165
11,aro,173,-662,214
11,aro,211,-777,258
11,aro,249,-889,293
11,aro,334,-1090,357
11,aro,339,-1060,397
11,aro,352,-1009,465
11,aro,355,-1045,551
11,aro,363,-1134,663
11,aro,383,-1267,758
11,aro,482,-1443,697
11,aro,547,-1500,636
11,aro,560,-1451,576
11,aro,523,-1288,602
11,aro,483,-1168,717
11,aro,431,-1153,636
11,aro,517,-1152,389
11,aro,683,-1186,203
11,aro,808,-1287,77
11,aro,879,-1390,-2
11,aro,903,-1468,25
11,aro,846,-1520,220
11,aro,814,-1436,253
11,aro,846,-1310,246
11,aro,893,-1232,224
11,aro,952,-1246,212
11,aro,1054,-1170,558
11,aro,1030,-1181,827
11,aro,999,-1222,1054
11,aro,1010,-1203,1086
11,aro,1061,-1120,956
11,aro,1117,-1045,773
11,aro,1164,-1052,695
11,aro,1135,-1068,814
11,aro,1096,-1020,974
11,aro,1081,-947,1079
11,aro,1082,-894,1137
11,aro,1137,-730,1066
11,aro,1160,-681,1069
11,aro,1200,-697,1072
11,aro,1236,-706,1107
11,aro,1240,-618,1157
11,aro,1213,-457,1184
11,aro,1231,-233,1394
11,aro,1246,-189,1509
11,aro,1273,-145,1517
11,aro,1294,-67,1429
11,aro,1306,35,1276
11,aro,1295,36,1025
11,aro,1277,-15,979
11,aro,1248,-17,992
11,aro,1195,18,1002
11,aro,1139,53,1015
11,aro,1098,26,966
11,aro,1063,-51,698
11,aro,1012,13,594
11,aro,925,149,606
11,aro,853,267,736
11,aro,789,342,899
11,aro,648,374,980
11,aro,612,405,857
11,aro,590,470,650
11,aro,576,520,459
11,aro,582,589,352
11,aro,572,652,335
11,aro,516,772,378
11,aro,482,819,377
11,aro,459,842,360
11,aro,443,846,332
11,aro,432,807,296
11,aro,433,743,260
11,aro,429,639,171
11,aro,405,610,162
11,aro,371,594,180
11,aro,352,590,183
11,aro,379,593,164
11,aro,399,484,114
11,aro,380,405,112
11,aro,349,321,119
11,aro,327,257,121
11,aro,320,181,123
11,aro,320,115,147
11,aro,342,-55,234
11,aro,360,-164,276
11,aro,367,-269,266
11,aro,333,-335,196
11,aro,283,-318,69
11,aro,232,-248,-115
11,aro,211,-233,-155
11,aro,202,-216,-165
11,aro,213,-199,-133
11,aro,228,-195,-55
11,aro,250,-264,91
11,aro,248,-456,319
11,aro,235,-438,313
11,aro,208,-376,266
11,aro,218,-388,259
11,aro,238,-505,306
11,aro,310,-690,465
11,aro,345,-772,483
11,aro,356,-813,411
11,aro,347,-785,324
11,aro,329,-739,307
11,aro,277,-730,395
11,aro,245,-852,747
11,aro,331,-872,823
11,aro,470,-865,684
11,aro,527,-848,457
11,aro,555,-742,335
11,aro,611,-780,469
11,aro,623,-948,607
11,aro,651,-1186,606
11,aro,717,-1349,447
11,aro,863,-1462,247
11,aro,962,-1430,140
11,aro,975,-1302,496
11,aro,918,-1285,751
11,aro,907,-1318,920
11,aro,960,-1429,933
11,aro,1017,-1572,866
11,aro,1055,-1590,847
11,aro,1031,-1357,913
11,aro,953,-1143,979
11,aro,864,-959,1148
11,aro,809,-836,1385
11,aro,822,-817,1610
11,aro,991,-1059,1543
11,aro,1073,-1118,1263
11,aro,1141,-1120,1040
11,aro,1132,-1103,1063
11,aro,1063,-998,1277
11,aro,1016,-834,1474
11,aro,1015,-549,1712
11,aro,1032,-432,1716
11,aro,1059,-295,1696
11,aro,1121,-215,1612
11,aro,1189,-229,1611
11,aro,1280,-410,1591
11,aro,1271,-449,1591
11,aro,1230,-390,1522
11,aro,1171,-269,1424
11,aro,1108,-116,1362
11,aro,1048,67,1353
11,aro,877,473,1398
11,aro,820,565,1373
11,aro,781,601,1283
11,aro,789,565,1135
11,aro,816,440,981
11,aro,852,200,810
11,aro,828,183,807
11,aro,771,256,858
11,aro,698,388,889
11,aro,633,466,907
11,aro,617,448,845
11,aro,608,391,498
11,aro,586,406,370
11,aro,547,440,302
11,aro,515,484,268
11,aro,486,578,256
11,aro,472,668,237
11,aro,480,677,235
11,aro,501,683,200
11,aro,512,678,160
11,aro,518,666,131
11,aro,533,697,93
11,aro,545,645,48
11,aro,550,600,66
11,aro,566,554,94
11,aro,585,493,105
11,aro,602,428,110
11,aro,580,320,100
11,aro,547,289,78
11,aro,513,300,44
11,aro,464,365,17
11,aro,420,432,40
11,aro,369,466,98
11,aro,322,403,250
11,aro,303,316,340
11,aro,303,202,425
11,aro,327,42,488
11,aro,351,-105,494
11,aro,350,-170,444
11,aro,288,-128,204
11,aro,245,-50,61
11,aro,222,-3,-52
11,aro,238,-61,-95
11,aro,269,-200,-62
11,aro,379,-560,110
11,aro,386,-672,148
11,aro,350,-653,78
11,aro,301,-479,-37
11,aro,266,-275,-121
11,aro,237,-200,-114
11,aro,274,-499,135
11,aro,330,-691,309
11,aro,372,-797,403
11,aro,383,-769,330
11,aro,383,-611,256
11,aro,375,-557,408
11,aro,380,-704,525
11,aro,416,-819,608
11,aro,474,-890,645
11,aro,539,-920,599
11,aro,621,-966,510
11,aro,597,-1074,520
11,aro,567,-1082,598
11,aro,563,-1083,663
11,aro,571,-1113,637
11,aro,615,-1163,567
11,aro,765,-1303,409
11,aro,802,-1413,384
11,aro,815,-1480,409
11,aro,784,-1501,532
11,aro,714,-1410,715
11,aro,658,-1253,916
11,aro,721,-1106,1120
11,aro,747,-1109,1211
11,aro,761,-1148,1371
11,aro,739,-1194,1595
11,aro,704,-1202,1794
12,aro,827,25,600
12,aro,801,36,604
12,aro,777,43,611
12,aro,755,41,611
12,aro,734,7,599
12,aro,634,-12,610
12,aro,564,0,619
12,aro,516,-1,614
12,aro,495,-10,601
12,aro,475,-46,558
12,aro,457,-222,420
12,aro,447,-331,376
12,aro,460,-430,369
12,aro,466,-504,385
12,aro,432,-558,426
12,aro,385,-587,441
12,aro,381,-559,480
12,aro,429,-565,594
12,aro,457,-638,746
12,aro,491,-743,912
12,aro,518,-763,991
12,aro,576,-510,892
12,aro,600,-369,886
12,aro,677,-356,974
12,aro,738,-377,1049
12,aro,758,-351,1158
12,aro,779,-310,1315
12,aro,837,-279,1378
12,aro,896,-312,1288
12,aro,944,-286,1153
12,aro,922,-131,1064
12,aro,926,60,1047
12,aro,819,431,1192
12,aro,807,577,1374
12,aro,806,673,1582
12,aro,807,649,1700
12,aro,818,603,1735
12,aro,820,602,1704
12,aro,797,772,1489
12,aro,799,905,1373
12,aro,816,943,1318
12,aro,831,887,1311
12,aro,828,828,1328
12,aro,824,752,1131
12,aro,840,647,980
12,aro,857,529,848
12,aro,879,367,772
12,aro,847,309,756
12,aro,793,357,765
12,aro,610,652,750
12,aro,519,898,727
12,aro,487,1094,697
12,aro,462,1194,696
12,aro,434,1227,684
12,aro,479,1057,633
12,aro,472,906,591
12,aro,486,794,533
12,aro,529,683,455
12,aro,565,573,378
12,aro,592,492,343
12,aro,572,559,460
12,aro,531,603,617
12,aro,473,666,744
12,aro,431,744,817
12,aro,405,817,815
12,aro,394,871,830
12,aro,406,714,738
12,aro,440,667,652
12,aro,453,617,604
12,aro,449,534,589
12,aro,452,414,591
12,aro,373,270,566
12,aro,419,308,307
12,aro,422,336,87
12,aro,399,355,103
12,aro,389,372,204
12,aro,409,320,270
12,aro,412,0,201
12,aro,393,-52,45
12,aro,365,29,-73
12,aro,361,215,-148
12,aro,360,368,-189
12,aro,273,259,82
12,aro,242,233,96
12,aro,218,174,78
12,aro,230,121,95
12,aro,257,55,115
12,aro,276,-52,149
12,aro,254,-299,185
12,aro,223,-271,146
12,aro,191,-231,106
12,aro,158,-178,56
12,aro,189,-171,20
12,aro,362,-482,18
12,aro,423,-622,34
12,aro,470,-707,66
12,aro,477,-733,98
12,aro,436,-667,92
12,aro,411,-543,92
12,aro,449,-554,259
12,aro,500,-719,402
12,aro,538,-861,496
12,aro,567,-926,525
12,aro,591,-919,464
12,aro,564,-803,342
12,aro,445,-485,355
12,aro,418,-546,612
12,aro,441,-754,894
12,aro,535,-978,1155
12,aro,684,-1065,1230
12,aro,843,-1028,944
12,aro,822,-926,831
12,aro,835,-859,797
12,aro,824,-847,815
12,aro,813,-899,884
12,aro,833,-960,976
12,aro,890,-953,1094
12,aro,926,-919,1137
12,aro,916,-854,1129
12,aro,868,-769,1139
12,aro,846,-665,1178
12,aro,832,-541,1310
12,aro,837,-564,1349
12,aro,875,-612,1290
12,aro,925,-637,1140
12,aro,948,-589,944
12,aro,929,-418,850
12,aro,878,-772,1473
12,aro,952,-485,1577
12,aro,1007,-392,1452
12,aro,998,5,1424
12,aro,916,-135,1333
12,aro,1236,-498,1034
12,aro,1248,-631,1250
12,aro,1183,-423,1294
12,aro,1135,-398,1288
12,aro,1032,-205,1337
12,aro,931,34,1448
12,aro,935,240,1544
12,aro,987,191,1599
12,aro,1007,97,1652
12,aro,993,68,1728
12,aro,955,124,1839
12,aro,858,322,1826
12,aro,829,405,1678
12,aro,828,403,1488
12,aro,828,328,1277
12,aro,825,282,1110
12,aro,803,249,975
12,aro,683,424,885
12,aro,643,599,856
12,aro,619,654,801
12,aro,602,665,827
12,aro,575,715,791
12,aro,580,697,903
12,aro,584,452,1047
12,aro,561,296,1149
12,aro,515,168,1144
12,aro,506,178,1008
12,aro,488,298,797
12,aro,465,631,437
12,aro,446,707,404
12,aro,440,726,414
12,aro,444,691,436
12,aro,429,643,489
12,aro,411,655,482
12,aro,396,739,413
12,aro,367,824,490
12,aro,346,843,581
12,aro,324,800,681
12,aro,299,743,717
12,aro,327,525,507
12,aro,331,485,331
12,aro,363,493,193
12,aro,467,419,-36
12,aro,491,281,-138
12,aro,503,203,-100
12,aro,470,278,59
12,aro,466,283,95
12,aro,438,266,82
12,aro,408,235,53
12,aro,388,214,21
12,aro,393,254,-77
12,aro,380,164,5
12,aro,398,108,91
12,aro,404,54,184
12,aro,386,-4,257
12,aro,357,-73,275
12,aro,321,-134,162
12,aro,304,-66,55
12,aro,309,-25,16
12,aro,323,-79,87
12,aro,340,-206,210
12,aro,387,-390,298
12,aro,363,-366,232
12,aro,354,-288,123
12,aro,379,-247,42
12,aro,393,-294,58
12,aro,386,-349,154
12,aro,348,-441,434
12,aro,326,-430,437
12,aro,332,-366,366
12,aro,374,-337,326
12,aro,436,-415,391
12,aro,504,-684,726
12,aro,501,-767,848
12,aro,502,-785,840
12,aro,558,-712,709
12,aro,562,-630,543
12,aro,565,-584,488
12,aro,590,-788,857
12,aro,661,-988,1089
12,aro,734,-1208,1207
12,aro,841,-1352,1175
12,aro,921,-1293,990
12,aro,935,-1139,760
12,aro,827,-822,382
12,aro,803,-717,323
12,aro,805,-597,334
12,aro,812,-519,427
12,aro,852,-560,589
12,aro,998,-949,831
12,aro,1078,-1037,917
12,aro,1102,-1041,1057
12,aro,1079,-991,1255
12,aro,1014,-898,1459
12,aro,975,-827,1627
12,aro,957,-690,1669
12,aro,956,-619,1641
12,aro,959,-578,1589
12,aro,942,-532,1562
12,aro,906,-476,1594
12,aro,860,-401,1741
12,aro,834,-358,1741
12,aro,819,-306,1679
12,aro,822,-272,1518
12,aro,827,-228,1352
12,aro,828,-151,1281
12,aro,809,-49,1362
12,aro,810,-10,1451
12,aro,807,54,1501
12,aro,823,136,1517
12,aro,863,182,1499
12,aro,924,275,1424
12,aro,952,325,1404
12,aro,925,359,1451
12,aro,891,354,1565
12,aro,853,329,1648
12,aro,820,295,1657
12,aro,774,248,1477
12,aro,740,330,1367
12,aro,702,452,1276
12,aro,663,549,1199
12,aro,628,617,1112
12,aro,571,674,885
12,aro,546,631,795
12,aro,556,603,712
12,aro,582,559,629
12,aro,600,492,576
12,aro,623,384,551
12,aro,655,109,567
12,aro,693,72,595
12,aro,675,78,567
12,aro,642,148,554
12,aro,597,272,539
12,aro,489,482,474
12,aro,461,506,426
12,aro,441,511,364
12,aro,423,533,320
12,aro,413,581,286
12,aro,400,627,254
12,aro,370,726,219
12,aro,358,761,219
12,aro,347,751,217
12,aro,346,717,207
12,aro,374,683,209
12,aro,407,646,195
12,aro,406,592,113
12,aro,378,608,50
12,aro,365,634,-10
12,aro,369,630,-83
12,aro,381,582,-158
12,aro,443,345,-204
12,aro,490,246,-172
12,aro,505,173,-102
12,aro,490,74,-2
12,aro,469,-7,124
12,aro,457,-75,220
12,aro,361,-82,220
12,aro,299,50,113
12,aro,258,226,15
12,aro,232,252,28
12,aro,210,121,138
12,aro,217,-226,411
12,aro,185,-363,450
12,aro,161,-425,387
12,aro,162,-312,234
12,aro,160,-158,115
12,aro,136,-92,83
12,aro,124,-253,289
13,trg,630,-356,743
13,trg,633,-351,742
13,trg,639,-346,754
13,trg,660,-334,789
13,trg,673,-317,791
13,trg,686,-304,781
13,trg,706,-298,769
13,trg,731,-293,765
13,trg,803,-224,831
13,trg,848,-163,859
13,trg,910,-104,804
13,trg,972,-54,756
13,trg,1017,-126,907
13,trg,1067,-238,958
13,trg,1122,-187,1072
13,trg,1126,-160,1150
13,trg,1124,-154,1206
13,trg,1130,-177,1208
13,trg,1107,-190,1185
13,trg,1086,-280,1180
13,trg,1105,-344,1165
13,trg,1065,-394,1154
13,trg,987,-393,1168
13,trg,917,-356,1197
13,trg,886,-380,1192
13,trg,872,-534,1194
13,trg,859,-566,1220
13,trg,856,-565,1185
13,trg,827,-543,1080
13,trg,778,-487,959
13,trg,682,-570,782
13,trg,605,-306,860
13,trg,899,-406,420
13,trg,895,-742,304
13,trg,886,-741,-27
13,trg,835,-744,-10
13,trg,591,-748,788
13,trg,381,-634,1105
13,trg,251,-620,951
13,trg,241,-638,540
13,trg,193,-659,341
13,trg,124,-638,185
13,trg,100,-577,105
13,trg,85,-554,88
13,trg,41,-508,167
13,trg,67,-470,126
13,trg,34,-361,-12
13,trg,100,-303,305
13,trg,105,-446,-28
13,trg,103,-353,-98
13,trg,95,-359,131
13,trg,128,-532,250
13,trg,154,-615,312
13,trg,233,-856,354
13,trg,272,-1064,325
13,trg,334,-1183,277
13,trg,381,-1227,215
13,trg,388,-1218,205
13,trg,380,-1110,288
13,trg,391,-1138,285
13,trg,426,-1168,261
13,trg,481,-1216,181
13,trg,511,-1259,77
13,trg,535,-1256,22
13,trg,549,-1211,67
13,trg,523,-1166,138
13,trg,480,-1070,235
13,trg,477,-945,286
13,trg,501,-864,292
13,trg,596,-776,365
13,trg,649,-730,432
13,trg,678,-684,529
13,trg,698,-607,605
13,trg,714,-548,654
13,trg,731,-476,685
13,trg,885,-166,722
13,trg,961,-13,767
13,trg,991,84,857
13,trg,930,100,952
13,trg,843,92,1004
13,trg,693,308,860
13,trg,636,424,815
13,trg,590,615,799
13,trg,574,833,694
13,trg,600,893,716
13,trg,688,778,691
13,trg,718,776,634
13,trg,722,760,617
13,trg,765,742,571
13,trg,811,719,545
13,trg,833,666,560
13,trg,845,626,587
13,trg,832,662,513
13,trg,787,749,436
13,trg,724,794,383
13,trg,658,809,328
13,trg,606,803,272
13,trg,487,740,201
13,trg,457,649,166
13,trg,465,575,147
13,trg,480,545,157
13,trg,504,514,192
13,trg,521,478,226
13,trg,446,453,213
13,trg,401,452,147
13,trg,336,479,127
13,trg,254,521,147
13,trg,190,579,184
13,trg,184,631,215
13,trg,198,601,181
13,trg,197,526,165
13,trg,206,417,219
13,trg,215,282,327
13,trg,213,159,395
13,trg,220,115,641
13,trg,253,-2,848
13,trg,321,-169,1017
13,trg,410,-386,1171
13,trg,475,-554,1269
13,trg,618,-795,1431
13,trg,655,-971,1556
13,trg,709,-1174,1672
13,trg,781,-1386,1761
13,trg,852,-1541,1762
13,trg,930,-1624,1677
13,trg,1045,-1673,1446
13,trg,1042,-1645,1311
13,trg,1003,-1521,1206
13,trg,967,-1357,1165
13,trg,916,-1182,1174
13,trg,876,-1080,1141
13,trg,731,-923,1165
13,trg,745,-866,1098
13,trg,753,-844,1001
13,trg,727,-797,959
13,trg,699,-736,950
13,trg,608,-558,935
13,trg,574,-465,906
13,trg,560,-392,870
13,trg,570,-361,828
13,trg,590,-366,777
13,trg,602,-354,754
13,trg,607,-278,759
13,trg,614,-245,740
13,trg,631,-219,721
13,trg,658,-203,723
13,trg,691,-204,743
13,trg,765,-221,785
13,trg,797,-192,810
13,trg,838,-159,839
13,trg,877,-151,855
13,trg,911,-150,882
13,trg,946,-147,909
13,trg,1029,-244,965
13,trg,1083,-325,1006
13,trg,1130,-412,1057
13,trg,1149,-503,1117
13,trg,1125,-568,1185
13,trg,1030,-486,1215
13,trg,1018,-410,1157
13,trg,1063,-371,1067
13,trg,1109,-382,961
13,trg,1117,-403,859
13,trg,1087,-418,797
13,trg,1018,-588,794
13,trg,1008,-638,755
13,trg,988,-624,673
13,trg,1010,-581,610
13,trg,1029,-617,602
13,trg,931,-680,678
13,trg,839,-597,668
13,trg,738,-461,631
13,trg,675,-351,611
13,trg,644,-314,605
13,trg,587,-307,580
13,trg,500,-324,540
13,trg,417,-462,535
13,trg,352,-605,527
13,trg,328,-708,471
13,trg,289,-783,361
13,trg,208,-742,147
13,trg,175,-678,81
13,trg,127,-605,53
13,trg,86,-544,53
13,trg,58,-480,80
13,trg,62,-441,100
13,trg,124,-487,135
13,trg,152,-542,144
13,trg,173,-585,154
13,trg,195,-597,167
13,trg,218,-588,196
13,trg,259,-618,261
13,trg,397,-787,239
13,trg,452,-862,175
13,trg,486,-909,111
13,trg,532,-964,88
13,trg,576,-1060,115
13,trg,668,-1215,210
13,trg,709,-1263,254
13,trg,725,-1269,271
13,trg,723,-1245,280
13,trg,709,-1214,276
13,trg,689,-1186,285
13,trg,595,-1112,378
13,trg,575,-1015,412
13,trg,555,-932,440
13,trg,533,-885,468
13,trg,543,-842,498
13,trg,590,-768,480
13,trg,624,-708,398
13,trg,685,-690,306
13,trg,736,-778,239
13,trg,756,-884,226
13,trg,756,-941,245
13,trg,735,-721,245
13,trg,747,-610,249
13,trg,735,-542,285
13,trg,707,-463,333
13,trg,657,-362,368
13,trg,601,-126,378
13,trg,649,29,352
13,trg,700,154,375
13,trg,764,249,448
13,trg,814,314,526
13,trg,834,352,587
13,trg,925,461,558
13,trg,930,548,543
13,trg,909,676,576
13,trg,867,827,662
13,trg,803,941,773
13,trg,731,1082,911
13,trg,718,1064,904
13,trg,727,1043,854
13,trg,749,997,766
13,trg,766,919,679
13,trg,774,846,614
13,trg,778,695,507
13,trg,776,615,454
13,trg,794,539,416
13,trg,808,429,385
13,trg,819,312,352
13,trg,817,101,298
13,trg,786,59,276
13,trg,764,40,256
13,trg,746,11,227
13,trg,725,-15,184
13,trg,705,-10,144
13,trg,644,34,68
13,trg,618,39,35
13,trg,587,50,20
13,trg,567,91,28
13,trg,567,116,78
13,trg,568,98,146
13,trg,575,68,174
13,trg,582,58,196
13,trg,628,78,183
13,trg,668,121,150
13,trg,657,197,139
13,trg,545,484,255
13,trg,475,642,363
13,trg,422,803,487
13,trg,371,973,638
13,trg,318,1080,707
13,trg,263,1092,681
13,trg,119,1004,603
13,trg,90,807,667
13,trg,106,428,852
13,trg,171,2,1105
13,trg,304,-466,1324
13,trg,569,-1341,1369
13,trg,687,-1610,1185
13,trg,766,-1675,909
13,trg,797,-1591,712
13,trg,819,-1530,676
13,trg,845,-1586,797
13,trg,1004,-1965,1124
13,trg,1091,-1998,1163
13,trg,1123,-1998,1102
13,trg,1116,-1969,987
13,trg,1080,-1757,842
13,trg,946,-1298,665
13,trg,864,-1147,683
13,trg,827,-1072,739
13,trg,823,-1067,798
13,trg,819,-1079,824
13,trg,809,-1046,798
13,trg,751,-833,710
13,trg,709,-700,683
13,trg,662,-561,674
13,trg,613,-431,697
13,trg,580,-334,741
13,trg,563,-282,807
13,trg,574,-314,814
13,trg,595,-348,790
13,trg,610,-362,756
13,trg,617,-357,731
13,trg,626,-349,732
13,trg,628,-352,727
13,trg,629,-353,695
13,trg,638,-353,663
14,trg,651,-156,768
14,trg,647,-135,773
14,trg,630,-129,849
14,trg,611,-88,924
14,trg,701,-42,620
14,trg,761,-19,583
14,trg,809,6,600
14,trg,855,45,649
14,trg,909,88,707
14,trg,1037,210,884
14,trg,1105,280,990
14,trg,1148,337,1113
14,trg,1144,355,1231
14,trg,1112,356,1366
14,trg,1081,318,1521
14,trg,1071,111,1446
14,trg,1113,61,1273
14,trg,1175,48,1075
14,trg,1223,0,918
14,trg,1240,-148,824
14,trg,1237,-569,975
14,trg,1238,-747,1193
14,trg,1237,-817,1424
14,trg,1189,-866,1580
14,trg,1133,-867,1640
14,trg,1097,-838,1578
14,trg,894,-700,1071
14,trg,781,-625,745
14,trg,698,-556,483
14,trg,659,-450,297
14,trg,672,-376,150
14,trg,581,-731,216
14,trg,600,-572,382
14,trg,503,-738,346
14,trg,410,-803,307
14,trg,364,-614,178
14,trg,276,-600,93
14,trg,195,-687,0
14,trg,153,-648,-53
14,trg,88,-578,-10
14,trg,4,-545,113
14,trg,-26,-489,211
14,trg,-25,-374,260
14,trg,-83,-435,383
14,trg,-45,-349,224
14,trg,-42,-434,194
14,trg,-36,-444,255
14,trg,7,-487,291
14,trg,116,-752,387
14,trg,184,-903,403
14,trg,265,-1051,390
14,trg,303,-1195,344
14,trg,344,-1237,268
14,trg,414,-1237,218
14,trg,478,-1189,197
14,trg,515,-1182,193
14,trg,538,-1206,146
14,trg,581,-1243,67
14,trg,624,-1283,20
14,trg,591,-1269,102
14,trg,563,-1123,208
14,trg,533,-927,250
14,trg,538,-769,227
14,trg,552,-714,244
14,trg,605,-671,293
14,trg,620,-626,187
14,trg,667,-606,64
14,trg,688,-586,0
14,trg,697,-478,42
14,trg,737,-341,131
14,trg,761,-259,343
14,trg,749,-236,463
14,trg,748,-103,480
14,trg,740,31,543
14,trg,630,135,686
14,trg,606,389,723
14,trg,872,817,389
14,trg,804,689,488
14,trg,746,570,849
14,trg,745,760,909
14,trg,714,876,887
14,trg,720,914,963
14,trg,730,896,958
14,trg,754,869,931
14,trg,799,849,873
14,trg,823,811,779
14,trg,823,758,683
14,trg,782,647,503
14,trg,728,638,401
14,trg,677,623,330
14,trg,654,640,320
14,trg,683,678,344
14,trg,721,556,476
14,trg,702,491,516
14,trg,675,438,520
14,trg,639,382,504
14,trg,594,352,499
14,trg,559,396,492
14,trg,514,580,446
14,trg,476,692,403
14,trg,435,782,362
14,trg,375,871,317
14,trg,299,933,265
14,trg,121,998,240
14,trg,40,972,262
14,trg,-6,898,291
14,trg,-6,728,412
14,trg,42,441,576
14,trg,121,109,713
14,trg,325,-469,839
14,trg,399,-683,791
14,trg,482,-859,753
14,trg,570,-1009,713
14,trg,645,-1157,667
14,trg,737,-1305,768
14,trg,899,-1604,912
14,trg,969,-1730,1102
14,trg,1042,-1838,1283
14,trg,1093,-1908,1395
14,trg,1111,-1924,1400
14,trg,1108,-1659,1154
14,trg,1059,-1433,1031
14,trg,999,-1216,957
14,trg,935,-1055,940
14,trg,883,-954,944
14,trg,848,-902,954
14,trg,826,-887,902
14,trg,815,-828,859
14,trg,803,-755,827
14,trg,789,-691,794
14,trg,773,-628,756
14,trg,731,-478,688
14,trg,714,-403,658
14,trg,707,-354,631
14,trg,700,-315,627
14,trg,695,-272,641
14,trg,698,-241,668
14,trg,713,-251,726
14,trg,741,-288,741
14,trg,779,-330,725
14,trg,814,-355,710
14,trg,843,-347,728
14,trg,879,-323,797
14,trg,880,-307,807
14,trg,895,-293,800
14,trg,926,-304,793
14,trg,963,-349,806
14,trg,987,-412,845
14,trg,999,-459,901
14,trg,1008,-445,898
14,trg,1040,-476,858
14,trg,1068,-569,839
14,trg,1076,-711,877
14,trg,1114,-925,915
14,trg,1129,-973,863
14,trg,1090,-1001,813
14,trg,1057,-979,759
14,trg,1048,-922,724
14,trg,1014,-849,780
14,trg,909,-682,984
14,trg,868,-655,1017
14,trg,849,-624,989
14,trg,860,-609,914
14,trg,822,-647,822
14,trg,782,-624,662
14,trg,716,-634,591
14,trg,613,-656,544
14,trg,530,-630,470
14,trg,453,-579,351
14,trg,374,-535,264
14,trg,285,-519,86
14,trg,264,-564,42
14,trg,252,-611,18
14,trg,227,-625,21
14,trg,198,-612,43
14,trg,158,-572,55
14,trg,88,-468,28
14,trg,72,-432,10
14,trg,81,-391,-2
14,trg,108,-387,2
14,trg,142,-427,30
14,trg,187,-500,131
14,trg,208,-550,169
14,trg,234,-599,172
14,trg,261,-651,149
14,trg,297,-717,125
14,trg,337,-822,135
14,trg,424,-1078,191
14,trg,451,-1160,197
14,trg,455,-1187,188
14,trg,458,-1148,194
14,trg,484,-1101,173
14,trg,549,-1062,123
14,trg,575,-1118,153
14,trg,588,-1209,190
14,trg,587,-1257,202
14,trg,583,-1248,194
14,trg,608,-1202,195
14,trg,628,-1056,182
14,trg,625,-1033,231
14,trg,634,-1024,294
14,trg,647,-1045,340
14,trg,655,-1089,377
14,trg,655,-946,391
14,trg,691,-822,368
14,trg,719,-747,374
14,trg,756,-736,399
14,trg,780,-746,421
14,trg,794,-761,433
14,trg,798,-694,396
14,trg,781,-607,363
14,trg,773,-479,332
14,trg,748,-308,326
14,trg,723,-110,361
14,trg,716,220,517
14,trg,719,298,584
14,trg,726,353,624
14,trg,749,391,634
14,trg,769,414,609
14,trg,780,467,602
14,trg,782,609,665
14,trg,763,635,711
14,trg,745,637,758
14,trg,743,642,767
14,trg,738,658,778
14,trg,711,677,696
14,trg,723,700,578
14,trg,708,670,491
14,trg,712,617,455
14,trg,715,601,430
14,trg,731,582,380
14,trg,670,505,359
14,trg,635,501,335
14,trg,585,484,290
14,trg,535,449,246
14,trg,509,415,210
14,trg,489,384,169
14,trg,504,393,175
14,trg,505,373,201
14,trg,493,301,243
14,trg,498,215,256
14,trg,518,148,245
14,trg,503,92,237
14,trg,503,93,202
14,trg,489,133,184
14,trg,496,222,156
14,trg,488,319,131
14,trg,455,434,123
14,trg,302,629,254
14,trg,237,645,330
14,trg,196,531,437
14,trg,207,327,559
14,trg,265,104,747
14,trg,474,-340,908
14,trg,507,-468,899
14,trg,519,-512,897
14,trg,546,-579,932
14,trg,583,-689,1004
14,trg,633,-871,1142
14,trg,791,-1327,1434
14,trg,867,-1469,1532
14,trg,932,-1518,1560
14,trg,961,-1471,1495
14,trg,955,-1352,1402
14,trg,965,-1257,1277
14,trg,968,-1306,1235
14,trg,955,-1320,1176
14,trg,936,-1266,1096
14,trg,916,-1169,1041
14,trg,900,-1091,1023
14,trg,848,-993,1023
14,trg,821,-926,980
14,trg,797,-868,919
14,trg,779,-823,857
14,trg,761,-772,807
14,trg,713,-641,733
14,trg,687,-568,706
14,trg,660,-504,698
14,trg,641,-464,692
14,trg,638,-446,684
14,trg,640,-436,671
14,trg,624,-395,639
14,trg,615,-367,619
14,trg,607,-335,602
14,trg,601,-317,594
14,trg,603,-325,598
14,trg,614,-348,618
14,trg,613,-339,608
14,trg,616,-321,584
14,trg,627,-318,556
14,trg,639,-332,541
14,trg,644,-346,547
14,trg,645,-312,607
14,trg,652,-287,644
14,trg,680,-273,668
14,trg,727,-257,668
14,trg,782,-241,653
14,trg,909,-210,662
14,trg,966,-197,699
14,trg,1025,-190,759
15,trg,666,-220,713
15,trg,658,-210,696
15,trg,655,-200,670
15,trg,653,-186,646
15,trg,654,-175,628
15,trg,678,-152,619
15,trg,683,-126,627
15,trg,693,-88,647
15,trg,700,-51,669
15,trg,706,-20,692
15,trg,721,3,765
15,trg,776,61,803
15,trg,825,110,824
15,trg,891,159,836
15,trg,960,213,844
15,trg,1006,259,831
15,trg,1107,84,1080
15,trg,1170,-151,1242
15,trg,1209,-401,1343
15,trg,1232,-590,1367
15,trg,1260,-738,1314
15,trg,1269,-829,1273
15,trg,1225,-856,1316
15,trg,1180,-846,1320
15,trg,1129,-787,1285
15,trg,1107,-677,1209
15,trg,1076,-613,1110
15,trg,1024,-572,1063
15,trg,967,-565,1085
15,trg,964,-480,1089
15,trg,989,-433,1040
15,trg,975,-450,960
15,trg,969,-496,892
15,trg,1022,-493,655
15,trg,1016,-467,487
15,trg,902,-524,391
15,trg,767,-577,368
15,trg,677,-545,377
15,trg,518,-515,497
15,trg,413,-539,544
15,trg,305,-577,549
15,trg,236,-583,473
15,trg,197,-575,316
15,trg,138,-592,202
15,trg,63,-683,99
15,trg,28,-671,46
15,trg,36,-637,94
15,trg,27,-575,35
15,trg,-46,-441,72
15,trg,-80,-371,227
15,trg,-7,-490,290
15,trg,33,-571,320
15,trg,110,-690,359
15,trg,186,-832,357
15,trg,238,-938,368
15,trg,342,-1059,369
15,trg,369,-1126,344
15,trg,349,-1125,334
15,trg,348,-1012,291
15,trg,407,-899,71
15,trg,426,-952,42
15,trg,476,-1013,323
15,trg,507,-1048,358
15,trg,529,-1067,307
15,trg,557,-1096,210
15,trg,573,-1137,107
15,trg,539,-1124,14
15,trg,564,-1054,4
15,trg,589,-993,7
15,trg,635,-936,53
15,trg,661,-882,132
15,trg,637,-848,226
15,trg,676,-836,248
15,trg,708,-828,228
15,trg,734,-800,235
15,trg,771,-691,249
15,trg,786,-612,292
15,trg,760,-481,326
15,trg,698,-362,284
15,trg,671,-171,239
15,trg,636,27,267
15,trg,633,238,337
15,trg,688,460,357
15,trg,657,504,694
15,trg,627,596,736
15,trg,621,662,743
15,trg,592,733,771
15,trg,505,801,870
15,trg,430,932,909
15,trg,503,1233,885
15,trg,505,1137,984
15,trg,578,1072,879
15,trg,583,1036,756
15,trg,586,1003,662
15,trg,602,949,532
15,trg,575,907,552
15,trg,577,950,503
15,trg,571,955,435
15,trg,543,915,360
15,trg,504,879,303
15,trg,410,757,280
15,trg,391,720,297
15,trg,373,711,347
15,trg,351,674,390
15,trg,358,676,403
15,trg,323,690,421
15,trg,274,645,418
15,trg,232,574,386
15,trg,194,488,359
15,trg,181,401,338
15,trg,167,280,314
15,trg,224,32,351
15,trg,334,-14,294
15,trg,320,17,241
15,trg,249,146,216
15,trg,194,228,253
15,trg,168,-20,470
15,trg,241,-191,691
15,trg,338,-274,936
15,trg,431,-395,1159
15,trg,505,-534,1269
15,trg,554,-631,1273
15,trg,673,-826,1239
15,trg,728,-986,1255
15,trg,788,-1133,1287
15,trg,858,-1260,1332
15,trg,911,-1336,1373
15,trg,916,-1326,1429
15,trg,904,-1235,1439
15,trg,874,-1190,1466
15,trg,876,-1205,1485
15,trg,899,-1271,1447
15,trg,939,-1332,1342
15,trg,981,-1345,1093
15,trg,970,-1303,1025
15,trg,929,-1213,1007
15,trg,863,-1062,1008
15,trg,795,-901,1005
15,trg,736,-768,990
15,trg,676,-604,967
15,trg,658,-553,981
15,trg,651,-512,987
15,trg,659,-474,976
15,trg,675,-431,968
15,trg,722,-341,953
15,trg,770,-336,937
15,trg,831,-348,904
15,trg,893,-351,867
15,trg,949,-320,849
15,trg,999,-256,855
15,trg,1092,-218,932
15,trg,1100,-279,997
15,trg,1128,-356,1043
15,trg,1153,-435,1034
15,trg,1146,-508,994
15,trg,1095,-655,951
15,trg,1101,-753,929
15,trg,1108,-883,891
15,trg,1094,-971,860
15,trg,1077,-1004,838
15,trg,1055,-993,805
15,trg,952,-836,696
15,trg,913,-719,629
15,trg,873,-633,605
15,trg,813,-561,635
15,trg,757,-493,660
15,trg,716,-445,648
15,trg,670,-426,600
15,trg,635,-438,519
15,trg,613,-445,437
15,trg,592,-434,376
15,trg,541,-439,313
15,trg,451,-429,205
15,trg,394,-445,153
15,trg,322,-476,146
15,trg,278,-483,160
15,trg,245,-496,185
15,trg,225,-535,186
15,trg,195,-640,93
15,trg,198,-650,56
15,trg,178,-663,42
15,trg,167,-687,36
15,trg,178,-734,40
15,trg,203,-801,83
15,trg,200,-791,166
15,trg,203,-781,273
15,trg,202,-783,357
15,trg,205,-808,382
15,trg,230,-845,367
15,trg,303,-973,331
15,trg,345,-1053,345
15,trg,371,-1121,370
15,trg,383,-1161,395
15,trg,395,-1168,393
15,trg,435,-1158,327
15,trg,473,-1161,301
15,trg,492,-1163,295
15,trg,505,-1158,313
15,trg,512,-1166,313
15,trg,524,-1189,299
15,trg,555,-1200,246
15,trg,546,-1175,232
15,trg,541,-1115,235
15,trg,560,-1031,251
15,trg,549,-996,287
15,trg,539,-1027,363
15,trg,564,-997,336
15,trg,577,-933,293
15,trg,589,-861,258
15,trg,603,-786,213
15,trg,636,-696,186
15,trg,681,-661,257
15,trg,683,-665,313
15,trg,669,-655,346
15,trg,656,-578,346
15,trg,678,-465,303
15,trg,695,-335,261
15,trg,786,-62,325
15,trg,773,2,420
15,trg,752,42,503
15,trg,725,123,538
15,trg,701,248,518
15,trg,802,539,423
15,trg,835,646,429
15,trg,855,721,513
15,trg,847,754,628
15,trg,851,739,679
15,trg,861,747,693
15,trg,834,804,762
15,trg,819,817,757
15,trg,805,817,722
15,trg,791,799,658
15,trg,788,769,586
15,trg,801,688,464
15,trg,800,617,434
15,trg,789,549,414
15,trg,774,480,399
15,trg,754,416,376
15,trg,730,374,337
15,trg,722,285,262
15,trg,716,208,238
15,trg,698,157,226
15,trg,676,121,211
15,trg,665,62,185
15,trg,663,0,106
15,trg,674,30,69
15,trg,659,87,58
15,trg,637,152,60
15,trg,608,200,54
15,trg,571,257,64
15,trg,445,431,124
15,trg,385,524,95
15,trg,323,616,49
15,trg,288,700,23
15,trg,293,769,21
15,trg,277,813,152
15,trg,204,815,248
15,trg,159,714,378
15,trg,159,518,531
15,trg,215,275,637
15,trg,278,98,686
15,trg,420,-76,779
15,trg,464,-203,828
15,trg,500,-354,894
15,trg,549,-510,936
15,trg,590,-696,972
15,trg,643,-892,1009
15,trg,781,-1318,1095
15,trg,844,-1476,1115
15,trg,926,-1558,1112
15,trg,1005,-1588,1088
15,trg,1047,-1579,1056
15,trg,1036,-1485,955
15,trg,1005,-1394,903
15,trg,980,-1303,887
15,trg,968,-1258,902
15,trg,976,-1261,908
15,trg,980,-1268,898
15,trg,966,-1211,874
15,trg,928,-1161,891
15,trg,887,-1092,911
15,trg,858,-1021,933
15,trg,830,-962,949
15,trg,796,-850,917
15,trg,775,-770,865
15,trg,749,-682,800
15,trg,726,-601,756
15,trg,706,-535,737
15,trg,678,-483,737
15,trg,656,-416,763
15,trg,654,-413,771
15,trg,653,-413,761
15,trg,648,-394,742
15,trg,646,-369,713
15,trg,644,-342,662
15,trg,644,-333,642
15,trg,647,-328,624
15,trg,654,-334,613
15,trg,664,-354,615
15,trg,673,-371,611
16,trg,784,-345,335
16,trg,793,-356,349
16,trg,803,-334,338
16,trg,813,-307,312
16,trg,817,-268,290
16,trg,814,-218,281
16,trg,804,-179,283
16,trg,763,-111,320
16,trg,768,-111,374
16,trg,783,-155,434
16,trg,798,-190,498
16,trg,827,-212,554
16,trg,872,-249,594
16,trg,991,-343,635
16,trg,1045,-361,651
16,trg,1104,-359,662
16,trg,1179,-340,681
16,trg,1252,-306,710
16,trg,1294,-284,758
16,trg,1327,-281,917
16,trg,1361,-333,969
16,trg,1404,-424,971
16,trg,1433,-531,947
16,trg,1471,-645,927
16,trg,1520,-747,870
16,trg,1533,-710,826
16,trg,1489,-677,791
16,trg,1394,-696,759
16,trg,1269,-720,727
16,trg,1195,-716,703
16,trg,1089,-858,593
16,trg,1105,-901,510
16,trg,1113,-1011,460
16,trg,1042,-1149,461
16,trg,942,-1177,462
16,trg,804,-818,332
16,trg,720,-682,285
16,trg,605,-600,308
16,trg,538,-498,317
16,trg,458,-459,334
16,trg,371,-479,391
16,trg,264,-513,381
16,trg,233,-519,325
16,trg,211,-521,268
16,trg,206,-510,203
16,trg,177,-501,157
16,trg,104,-489,147
16,trg,86,-450,141
16,trg,87,-422,122
16,trg,100,-415,116
16,trg,112,-443,132
16,trg,132,-515,149
16,trg,194,-700,134
16,trg,213,-770,83
16,trg,253,-834,51
16,trg,297,-939,42
16,trg,345,-1024,33
16,trg,357,-1296,112
16,trg,399,-1255,60
16,trg,458,-1249,-34
16,trg,487,-1230,-83
16,trg,490,-1185,-57
16,trg,499,-1126,-44
16,trg,526,-1132,-76
16,trg,538,-1157,-114
16,trg,545,-1144,-149
16,trg,531,-1117,-149
16,trg,533,-1030,-105
16,trg,568,-897,-8
16,trg,647,-819,67
16,trg,691,-817,172
16,trg,722,-844,283
16,trg,721,-870,345
16,trg,723,-837,318
16,trg,792,-733,71
16,trg,789,-708,50
16,trg,872,-550,-44
16,trg,744,-449,68
16,trg,728,-518,48
16,trg,747,-375,17
16,trg,715,-238,83
16,trg,730,-192,84
16,trg,741,-47,90
16,trg,782,52,167
16,trg,786,34,237
16,trg,788,-78,430
16,trg,729,-68,477
16,trg,812,157,203
16,trg,825,396,21
16,trg,779,294,81
16,trg,749,242,242
16,trg,726,444,378
16,trg,680,586,481
16,trg,716,677,575
16,trg,838,680,629
16,trg,682,565,795
16,trg,760,697,773
16,trg,771,836,617
16,trg,744,821,567
16,trg,726,743,606
16,trg,722,686,714
16,trg,728,684,751
16,trg,680,758,804
16,trg,713,791,733
16,trg,686,698,661
16,trg,651,592,739
16,trg,646,588,701
16,trg,627,567,579
16,trg,600,541,598
16,trg,573,527,621
16,trg,564,510,615
16,trg,558,468,567
16,trg,568,430,513
16,trg,555,469,457
16,trg,522,521,418
16,trg,502,562,351
16,trg,488,558,266
16,trg,497,506,161
16,trg,512,359,62
16,trg,494,350,118
16,trg,497,405,175
16,trg,511,405,206
16,trg,513,310,259
16,trg,507,235,255
16,trg,503,243,94
16,trg,488,276,106
16,trg,471,262,139
16,trg,478,168,209
16,trg,508,12,388
16,trg,529,-195,653
16,trg,603,-590,947
16,trg,642,-717,945
16,trg,682,-810,873
16,trg,736,-910,816
16,trg,793,-1016,803
16,trg,924,-1243,850
16,trg,964,-1303,843
16,trg,1000,-1352,819
16,trg,1028,-1392,784
16,trg,1069,-1444,785
16,trg,1129,-1544,817
16,trg,1186,-1683,843
16,trg,1176,-1633,808
16,trg,1159,-1531,768
16,trg,1117,-1402,777
16,trg,1049,-1252,822
16,trg,924,-996,937
16,trg,899,-945,945
16,trg,873,-911,935
16,trg,854,-871,904
16,trg,839,-835,857
16,trg,829,-806,789
16,trg,801,-735,642
16,trg,783,-676,604
16,trg,760,-621,588
16,trg,737,-562,583
16,trg,718,-498,588
16,trg,702,-399,581
16,trg,703,-346,550
16,trg,710,-294,530
16,trg,728,-250,531
16,trg,750,-226,555
16,trg,781,-222,582
16,trg,840,-199,561
16,trg,883,-149,535
16,trg,950,-129,533
16,trg,1025,-148,550
16,trg,1088,-178,600
16,trg,1138,-223,736
16,trg,1150,-258,765
16,trg,1150,-309,784
16,trg,1144,-374,813
16,trg,1158,-473,839
16,trg,1159,-581,835
16,trg,1213,-815,727
16,trg,1228,-878,604
16,trg,1214,-880,478
16,trg,1171,-826,378
16,trg,1145,-748,311
16,trg,1124,-695,277
16,trg,1067,-719,311
16,trg,1065,-772,342
16,trg,1071,-783,368
16,trg,1102,-732,381
16,trg,1130,-665,389
16,trg,1136,-529,376
16,trg,1085,-554,356
16,trg,1009,-664,310
16,trg,912,-784,259
16,trg,855,-815,211
16,trg,806,-784,146
16,trg,686,-705,83
16,trg,623,-725,48
16,trg,519,-747,33
16,trg,415,-722,41
16,trg,317,-675,75
16,trg,184,-576,98
16,trg,158,-533,56
16,trg,127,-525,41
16,trg,105,-547,39
16,trg,99,-583,51
16,trg,91,-629,70
16,trg,86,-604,171
16,trg,92,-544,239
16,trg,97,-502,311
16,trg,116,-483,355
16,trg,142,-504,371
16,trg,230,-673,316
16,trg,284,-755,228
16,trg,343,-837,132
16,trg,401,-939,68
16,trg,444,-1031,31
16,trg,465,-1115,-14
16,trg,503,-1076,-105
16,trg,514,-968,-143
16,trg,527,-874,-182
16,trg,556,-851,-209
16,trg,602,-907,-226
16,trg,661,-1014,-228
16,trg,692,-1065,-191
16,trg,704,-1129,-135
16,trg,698,-1155,-68
16,trg,726,-1124,-21
16,trg,752,-1098,23
16,trg,759,-1029,109
16,trg,771,-1005,139
16,trg,750,-1021,132
16,trg,732,-990,107
16,trg,719,-879,63
16,trg,708,-735,-1
16,trg,745,-525,29
16,trg,756,-460,121
16,trg,751,-446,246
16,trg,707,-439,360
16,trg,659,-389,429
16,trg,691,-84,343
16,trg,761,67,264
16,trg,800,138,248
16,trg,838,175,290
16,trg,859,199,360
16,trg,864,199,438
16,trg,905,245,524
16,trg,941,307,529
16,trg,980,371,521
16,trg,987,397,460
16,trg,969,461,475
16,trg,929,541,540
16,trg,917,600,515
16,trg,906,681,486
16,trg,880,768,506
16,trg,869,783,502
16,trg,872,764,486
16,trg,875,673,434
16,trg,899,643,397
16,trg,914,610,355
16,trg,912,570,330
16,trg,911,509,327
16,trg,914,357,339
16,trg,926,294,326
16,trg,911,243,306
16,trg,892,195,289
16,trg,869,151,271
16,trg,843,116,235
16,trg,763,88,180
16,trg,733,69,161
16,trg,720,87,142
16,trg,700,140,143
16,trg,668,217,164
16,trg,581,344,237
16,trg,530,366,233
16,trg,502,351,194
16,trg,504,309,120
16,trg,536,282,45
16,trg,576,243,0
16,trg,626,181,16
16,trg,631,205,81
16,trg,647,235,156
16,trg,645,261,208
16,trg,612,300,241
16,trg,456,461,293
16,trg,352,589,275
16,trg,300,731,227
16,trg,326,788,183
16,trg,396,677,201
16,trg,494,420,328
16,trg,763,-317,575
16,trg,868,-539,604
16,trg,910,-673,561
16,trg,924,-669,454
16,trg,963,-595,351
16,trg,1032,-540,288
16,trg,1109,-630,286
16,trg,1107,-707,388
16,trg,1093,-758,512
16,trg,1087,-794,629
16,trg,1114,-877,701
16,trg,1164,-1065,675
16,trg,1180,-1101,634
16,trg,1199,-1124,578
16,trg,1151,-1077,522
